"DISTRITO","UNIDADE","AREA","TRIMESTRE","VALOR"
"Continente","CS JARDIM ATLÂNTICO",10,"2013 Q1",18
"Continente","CS NOVO CONTINENTE",100,"2013 Q1",17
"Continente","CS NOVO CONTINENTE",101,"2013 Q1",8
"Continente","CS NOVO CONTINENTE",102,"2013 Q1",12
"Continente","CS NOVO CONTINENTE",103,"2013 Q1",12
"Continente","CS JARDIM ATLÂNTICO",11,"2013 Q1",14
"Centro","CS MONTE SERRAT",120,"2013 Q1",24
"Centro","CS MONTE SERRAT",121,"2013 Q1",13
"Centro","CS MONTE SERRAT",122,"2013 Q1",25
"Centro","CS PRAINHA",130,"2013 Q1",29
"Centro","CS PRAINHA",131,"2013 Q1",31
"Centro","CS PRAINHA",132,"2013 Q1",46
"Centro","CS PANTANAL",160,"2013 Q1",29
"Centro","CS PANTANAL",161,"2013 Q1",23
"Centro","CS CÓRREGO GRANDE",170,"2013 Q1",56
"Centro","CS CÓRREGO GRANDE",171,"2013 Q1",22
"Centro","CS CÓRREGO GRANDE",172,"2013 Q1",9
"Centro","CS ITACORUBI",190,"2013 Q1",50
"Centro","CS ITACORUBI",191,"2013 Q1",44
"Centro","CS ITACORUBI",192,"2013 Q1",57
"Centro","CS ITACORUBI",193,"2013 Q1",24
"Continente","CS BALNEÁRIO",20,"2013 Q1",18
"Sul","CS CAIEIRA BARRA DO SUL",200,"2013 Q1",6
"Continente","CS BALNEÁRIO",21,"2013 Q1",18
"Sul","CS ALTO RIBEIRÃO",210,"2013 Q1",5
"Sul","CS RIBEIRÃO DA ILHA",220,"2013 Q1",36
"Sul","CS PANTANO DO SUL",230,"2013 Q1",23
"Sul","CS ARMAÇÃO",240,"2013 Q1",30
"Sul","CS ARMAÇÃO",241,"2013 Q1",34
"Sul","CS ARMAÇÃO",242,"2013 Q1",4
"Sul","CS MORRO DAS PEDRAS",250,"2013 Q1",40
"Sul","CS MORRO DAS PEDRAS",251,"2013 Q1",47
"Sul","CS TAPERA",260,"2013 Q1",25
"Sul","CS TAPERA",261,"2013 Q1",15
"Sul","CS TAPERA",262,"2013 Q1",11
"Sul","CS TAPERA",263,"2013 Q1",17
"Sul","CS CARIANOS",270,"2013 Q1",77
"Sul","CS CARIANOS",271,"2013 Q1",90
"Sul","CS CARIANOS",272,"2013 Q1",10
"Sul","CS CAMPECHE",280,"2013 Q1",12
"Sul","CS CAMPECHE",281,"2013 Q1",2
"Sul","CS RIO TAVARES",290,"2013 Q1",20
"Sul","CS RIO TAVARES",291,"2013 Q1",20
"Sul","CS RIO TAVARES",292,"2013 Q1",7
"Sul","CS RIO TAVARES",293,"2013 Q1",2
"Continente","CS SAPE",30,"2013 Q1",4
"Sul","CS COSTEIRA DO PIRAJUBAÉ",300,"2013 Q1",16
"Sul","CS COSTEIRA DO PIRAJUBAÉ",301,"2013 Q1",20
"Sul","CS COSTEIRA DO PIRAJUBAÉ",302,"2013 Q1",18
"Continente","CS SAPE",31,"2013 Q1",5
"Centro","CS SACO DOS LIMÕES",310,"2013 Q1",11
"Centro","CS SACO DOS LIMÕES",311,"2013 Q1",14
"Centro","CS SACO DOS LIMÕES",312,"2013 Q1",26
"Centro","CS SACO DOS LIMÕES",313,"2013 Q1",3
"Centro","CS SACO DOS LIMÕES",314,"2013 Q1",0
"Centro","CS JOÃO PAULO",320,"2013 Q1",39
"Centro","CS JOÃO PAULO",321,"2013 Q1",16
"Norte","CS SACO GRANDE",330,"2013 Q1",54
"Norte","CS SACO GRANDE",331,"2013 Q1",32
"Norte","CS SACO GRANDE",332,"2013 Q1",72
"Norte","CS SACO GRANDE",333,"2013 Q1",25
"Norte","CS SACO GRANDE",334,"2013 Q1",39
"Norte","CS SACO GRANDE",335,"2013 Q1",57
"Norte","CS VARGEM PEQUENA",340,"2013 Q1",51
"Norte","CS RATONES",350,"2013 Q1",35
"Norte","CS RATONES",351,"2013 Q1",13
"Norte","CS SANTO ANTONIO LISBOA",360,"2013 Q1",51
"Norte","CS SANTO ANTONIO LISBOA",361,"2013 Q1",50
"Norte","CS PONTA DAS CANAS",370,"2013 Q1",51
"Norte","CS PONTA DAS CANAS",371,"2013 Q1",12
"Norte","CS CANASVIEIRAS",380,"2013 Q1",5
"Norte","CS CANASVIEIRAS",381,"2013 Q1",12
"Norte","CS CANASVIEIRAS",382,"2013 Q1",3
"Norte","CS CANASVIEIRAS",383,"2013 Q1",10
"Norte","CS CANASVIEIRAS",384,"2013 Q1",15
"Norte","CS JURERE",390,"2013 Q1",48
"Continente","CS MONTE CRISTO",40,"2013 Q1",34
"Norte","CS CACHOEIRA BOM JESUS",400,"2013 Q1",5
"Norte","CS CACHOEIRA BOM JESUS",401,"2013 Q1",6
"Continente","CS MONTE CRISTO",41,"2013 Q1",14
"Norte","CS VARGEM GRANDE",410,"2013 Q1",6
"Continente","CS MONTE CRISTO",42,"2013 Q1",19
"Norte","CS RIO VERMELHO",420,"2013 Q1",59
"Norte","CS RIO VERMELHO",421,"2013 Q1",44
"Norte","CS RIO VERMELHO",422,"2013 Q1",16
"Norte","CS RIO VERMELHO",423,"2013 Q1",25
"Norte","CS RIO VERMELHO",424,"2013 Q1",22
"Continente","CS MONTE CRISTO",43,"2013 Q1",18
"Norte","CS INGLESES",431,"2013 Q1",33
"Norte","CS INGLESES",432,"2013 Q1",45
"Norte","CS INGLESES",433,"2013 Q1",33
"Norte","CS INGLESES",434,"2013 Q1",27
"Norte","CS INGLESES",435,"2013 Q1",45
"Norte","CS INGLESES",436,"2013 Q1",48
"Norte","CS INGLESES",437,"2013 Q1",7
"Norte","CS INGLESES",438,"2013 Q1",10
"Continente","CS MONTE CRISTO",44,"2013 Q1",24
"Norte","CS BARRA DA LAGOA",440,"2013 Q1",32
"Norte","CS BARRA DA LAGOA",441,"2013 Q1",43
"Norte","CS BARRA DA LAGOA",442,"2013 Q1",17
"Continente","CS MONTE CRISTO",45,"2013 Q1",22
"Sul","CS CANTO DA LAGOA",450,"2013 Q1",11
"Continente","CS MONTE CRISTO",46,"2013 Q1",3
"Sul","CS COSTA DA LAGOA",460,"2013 Q1",12
"Sul","CS LAGOA DA CONCEIÇÃO",470,"2013 Q1",44
"Sul","CS LAGOA DA CONCEIÇÃO",471,"2013 Q1",24
"Sul","CS LAGOA DA CONCEIÇÃO",472,"2013 Q1",20
"Continente","CS ABRAÃO",570,"2013 Q1",32
"Continente","CS ABRAÃO",571,"2013 Q1",22
"Continente","CS ABRAÃO",572,"2013 Q1",26
"Continente","CS CAPOEIRAS",60,"2013 Q1",39
"Continente","CS COQUEIROS",600,"2013 Q1",31
"Continente","CS COQUEIROS",601,"2013 Q1",88
"Continente","CS COQUEIROS",602,"2013 Q1",52
"Continente","CS CAPOEIRAS",61,"2013 Q1",30
"Continente","CS CAPOEIRAS",62,"2013 Q1",32
"Centro","CS AGRONÔMICA",690,"2013 Q1",64
"Centro","CS AGRONÔMICA",691,"2013 Q1",39
"Centro","CS AGRONÔMICA",692,"2013 Q1",23
"Centro","CS AGRONÔMICA",693,"2013 Q1",28
"Continente","CS COLONINHA",70,"2013 Q1",48
"Continente","CS COLONINHA",71,"2013 Q1",49
"Continente","CS COLONINHA",72,"2013 Q1",26
"Sul","CS FAZENDA DO RIO TAVARES",780,"2013 Q1",6
"Sul","CS FAZENDA DO RIO TAVARES",781,"2013 Q1",8
"Continente","CS ESTREITO",80,"2013 Q1",15
"Continente","CS ESTREITO",81,"2013 Q1",12
"Continente","CS ESTREITO",82,"2013 Q1",15
"Continente","CS ESTREITO",83,"2013 Q1",7
"Centro","CS TRINDADE",850,"2013 Q1",32
"Centro","CS TRINDADE",851,"2013 Q1",43
"Centro","CS TRINDADE",852,"2013 Q1",47
"Centro","CS TRINDADE",853,"2013 Q1",39
"Centro","CS TRINDADE",854,"2013 Q1",36
"Continente","CS VILA APARECIDA",90,"2013 Q1",8
"Continente","CS VILA APARECIDA",91,"2013 Q1",4
"Centro","CS CENTRO",950,"2013 Q1",34
"Centro","CS CENTRO",951,"2013 Q1",19
"Centro","CS CENTRO",952,"2013 Q1",21
"Norte","CS SANTINHO",980,"2013 Q1",18
"Norte","CS SANTINHO",981,"2013 Q1",9
"Continente","CS JARDIM ATLÂNTICO",10,"2013 Q2",15
"Continente","CS NOVO CONTINENTE",100,"2013 Q2",8
"Continente","CS NOVO CONTINENTE",101,"2013 Q2",10
"Continente","CS NOVO CONTINENTE",102,"2013 Q2",10
"Continente","CS NOVO CONTINENTE",103,"2013 Q2",6
"Continente","CS JARDIM ATLÂNTICO",11,"2013 Q2",17
"Centro","CS MONTE SERRAT",120,"2013 Q2",23
"Centro","CS MONTE SERRAT",121,"2013 Q2",15
"Centro","CS MONTE SERRAT",122,"2013 Q2",21
"Centro","CS PRAINHA",130,"2013 Q2",22
"Centro","CS PRAINHA",131,"2013 Q2",16
"Centro","CS PRAINHA",132,"2013 Q2",28
"Centro","CS PANTANAL",160,"2013 Q2",34
"Centro","CS PANTANAL",161,"2013 Q2",35
"Centro","CS CÓRREGO GRANDE",170,"2013 Q2",45
"Centro","CS CÓRREGO GRANDE",171,"2013 Q2",28
"Centro","CS CÓRREGO GRANDE",172,"2013 Q2",22
"Centro","CS ITACORUBI",190,"2013 Q2",58
"Centro","CS ITACORUBI",191,"2013 Q2",75
"Centro","CS ITACORUBI",192,"2013 Q2",58
"Centro","CS ITACORUBI",193,"2013 Q2",55
"Continente","CS BALNEÁRIO",20,"2013 Q2",31
"Sul","CS CAIEIRA BARRA DO SUL",200,"2013 Q2",4
"Continente","CS BALNEÁRIO",21,"2013 Q2",47
"Sul","CS ALTO RIBEIRÃO",210,"2013 Q2",8
"Sul","CS RIBEIRÃO DA ILHA",220,"2013 Q2",35
"Sul","CS PANTANO DO SUL",230,"2013 Q2",43
"Sul","CS ARMAÇÃO",240,"2013 Q2",46
"Sul","CS ARMAÇÃO",241,"2013 Q2",37
"Sul","CS ARMAÇÃO",242,"2013 Q2",6
"Sul","CS MORRO DAS PEDRAS",250,"2013 Q2",31
"Sul","CS MORRO DAS PEDRAS",251,"2013 Q2",65
"Sul","CS TAPERA",260,"2013 Q2",27
"Sul","CS TAPERA",261,"2013 Q2",19
"Sul","CS TAPERA",262,"2013 Q2",24
"Sul","CS TAPERA",263,"2013 Q2",20
"Sul","CS CARIANOS",270,"2013 Q2",64
"Sul","CS CARIANOS",271,"2013 Q2",74
"Sul","CS CARIANOS",272,"2013 Q2",7
"Sul","CS CAMPECHE",280,"2013 Q2",39
"Sul","CS CAMPECHE",281,"2013 Q2",24
"Sul","CS RIO TAVARES",290,"2013 Q2",16
"Sul","CS RIO TAVARES",291,"2013 Q2",25
"Sul","CS RIO TAVARES",292,"2013 Q2",17
"Sul","CS RIO TAVARES",293,"2013 Q2",3
"Continente","CS SAPE",30,"2013 Q2",10
"Sul","CS COSTEIRA DO PIRAJUBAÉ",300,"2013 Q2",22
"Sul","CS COSTEIRA DO PIRAJUBAÉ",301,"2013 Q2",26
"Sul","CS COSTEIRA DO PIRAJUBAÉ",302,"2013 Q2",22
"Continente","CS SAPE",31,"2013 Q2",4
"Centro","CS SACO DOS LIMÕES",310,"2013 Q2",4
"Centro","CS SACO DOS LIMÕES",311,"2013 Q2",8
"Centro","CS SACO DOS LIMÕES",312,"2013 Q2",15
"Centro","CS SACO DOS LIMÕES",313,"2013 Q2",0
"Centro","CS SACO DOS LIMÕES",314,"2013 Q2",1
"Centro","CS JOÃO PAULO",320,"2013 Q2",20
"Centro","CS JOÃO PAULO",321,"2013 Q2",22
"Norte","CS SACO GRANDE",330,"2013 Q2",41
"Norte","CS SACO GRANDE",331,"2013 Q2",53
"Norte","CS SACO GRANDE",332,"2013 Q2",31
"Norte","CS SACO GRANDE",333,"2013 Q2",46
"Norte","CS SACO GRANDE",334,"2013 Q2",29
"Norte","CS SACO GRANDE",335,"2013 Q2",56
"Norte","CS VARGEM PEQUENA",340,"2013 Q2",58
"Norte","CS RATONES",350,"2013 Q2",42
"Norte","CS RATONES",351,"2013 Q2",32
"Norte","CS SANTO ANTONIO LISBOA",360,"2013 Q2",39
"Norte","CS SANTO ANTONIO LISBOA",361,"2013 Q2",35
"Norte","CS PONTA DAS CANAS",370,"2013 Q2",32
"Norte","CS PONTA DAS CANAS",371,"2013 Q2",21
"Norte","CS CANASVIEIRAS",380,"2013 Q2",18
"Norte","CS CANASVIEIRAS",381,"2013 Q2",15
"Norte","CS CANASVIEIRAS",382,"2013 Q2",12
"Norte","CS CANASVIEIRAS",383,"2013 Q2",17
"Norte","CS CANASVIEIRAS",384,"2013 Q2",18
"Norte","CS JURERE",390,"2013 Q2",31
"Continente","CS MONTE CRISTO",40,"2013 Q2",24
"Norte","CS CACHOEIRA BOM JESUS",400,"2013 Q2",8
"Norte","CS CACHOEIRA BOM JESUS",401,"2013 Q2",9
"Continente","CS MONTE CRISTO",41,"2013 Q2",15
"Norte","CS VARGEM GRANDE",410,"2013 Q2",11
"Continente","CS MONTE CRISTO",42,"2013 Q2",10
"Norte","CS RIO VERMELHO",420,"2013 Q2",65
"Norte","CS RIO VERMELHO",421,"2013 Q2",58
"Norte","CS RIO VERMELHO",422,"2013 Q2",15
"Norte","CS RIO VERMELHO",423,"2013 Q2",24
"Norte","CS RIO VERMELHO",424,"2013 Q2",22
"Continente","CS MONTE CRISTO",43,"2013 Q2",16
"Norte","CS INGLESES",431,"2013 Q2",53
"Norte","CS INGLESES",432,"2013 Q2",65
"Norte","CS INGLESES",433,"2013 Q2",60
"Norte","CS INGLESES",434,"2013 Q2",30
"Norte","CS INGLESES",435,"2013 Q2",60
"Norte","CS INGLESES",436,"2013 Q2",59
"Norte","CS INGLESES",437,"2013 Q2",13
"Norte","CS INGLESES",438,"2013 Q2",10
"Continente","CS MONTE CRISTO",44,"2013 Q2",13
"Norte","CS BARRA DA LAGOA",440,"2013 Q2",54
"Norte","CS BARRA DA LAGOA",441,"2013 Q2",51
"Norte","CS BARRA DA LAGOA",442,"2013 Q2",17
"Continente","CS MONTE CRISTO",45,"2013 Q2",22
"Sul","CS CANTO DA LAGOA",450,"2013 Q2",37
"Continente","CS MONTE CRISTO",46,"2013 Q2",10
"Sul","CS COSTA DA LAGOA",460,"2013 Q2",26
"Sul","CS LAGOA DA CONCEIÇÃO",470,"2013 Q2",49
"Sul","CS LAGOA DA CONCEIÇÃO",471,"2013 Q2",49
"Sul","CS LAGOA DA CONCEIÇÃO",472,"2013 Q2",31
"Continente","CS ABRAÃO",570,"2013 Q2",26
"Continente","CS ABRAÃO",571,"2013 Q2",18
"Continente","CS ABRAÃO",572,"2013 Q2",10
"Continente","CS CAPOEIRAS",60,"2013 Q2",35
"Continente","CS COQUEIROS",600,"2013 Q2",40
"Continente","CS COQUEIROS",601,"2013 Q2",28
"Continente","CS COQUEIROS",602,"2013 Q2",39
"Continente","CS CAPOEIRAS",61,"2013 Q2",22
"Continente","CS CAPOEIRAS",62,"2013 Q2",17
"Centro","CS AGRONÔMICA",690,"2013 Q2",59
"Centro","CS AGRONÔMICA",691,"2013 Q2",45
"Centro","CS AGRONÔMICA",692,"2013 Q2",31
"Centro","CS AGRONÔMICA",693,"2013 Q2",36
"Continente","CS COLONINHA",70,"2013 Q2",70
"Continente","CS COLONINHA",71,"2013 Q2",62
"Continente","CS COLONINHA",72,"2013 Q2",37
"Sul","CS FAZENDA DO RIO TAVARES",780,"2013 Q2",4
"Sul","CS FAZENDA DO RIO TAVARES",781,"2013 Q2",6
"Continente","CS ESTREITO",80,"2013 Q2",21
"Continente","CS ESTREITO",81,"2013 Q2",28
"Continente","CS ESTREITO",82,"2013 Q2",31
"Continente","CS ESTREITO",83,"2013 Q2",11
"Centro","CS TRINDADE",850,"2013 Q2",48
"Centro","CS TRINDADE",851,"2013 Q2",42
"Centro","CS TRINDADE",852,"2013 Q2",37
"Centro","CS TRINDADE",853,"2013 Q2",34
"Centro","CS TRINDADE",854,"2013 Q2",25
"Continente","CS VILA APARECIDA",90,"2013 Q2",0
"Continente","CS VILA APARECIDA",91,"2013 Q2",1
"Centro","CS CENTRO",950,"2013 Q2",38
"Centro","CS CENTRO",951,"2013 Q2",8
"Centro","CS CENTRO",952,"2013 Q2",18
"Norte","CS SANTINHO",980,"2013 Q2",35
"Norte","CS SANTINHO",981,"2013 Q2",23
"Continente","CS JARDIM ATLÂNTICO",10,"2013 Q3",28
"Continente","CS NOVO CONTINENTE",100,"2013 Q3",19
"Continente","CS NOVO CONTINENTE",101,"2013 Q3",19
"Continente","CS NOVO CONTINENTE",102,"2013 Q3",40
"Continente","CS NOVO CONTINENTE",103,"2013 Q3",13
"Continente","CS JARDIM ATLÂNTICO",11,"2013 Q3",19
"Centro","CS MONTE SERRAT",120,"2013 Q3",17
"Centro","CS MONTE SERRAT",121,"2013 Q3",16
"Centro","CS MONTE SERRAT",122,"2013 Q3",16
"Centro","CS PRAINHA",130,"2013 Q3",27
"Centro","CS PRAINHA",131,"2013 Q3",34
"Centro","CS PRAINHA",132,"2013 Q3",34
"Centro","CS PANTANAL",160,"2013 Q3",48
"Centro","CS PANTANAL",161,"2013 Q3",34
"Centro","CS CÓRREGO GRANDE",170,"2013 Q3",30
"Centro","CS CÓRREGO GRANDE",171,"2013 Q3",29
"Centro","CS CÓRREGO GRANDE",172,"2013 Q3",12
"Centro","CS ITACORUBI",190,"2013 Q3",34
"Centro","CS ITACORUBI",191,"2013 Q3",54
"Centro","CS ITACORUBI",192,"2013 Q3",72
"Centro","CS ITACORUBI",193,"2013 Q3",48
"Continente","CS BALNEÁRIO",20,"2013 Q3",34
"Sul","CS CAIEIRA BARRA DO SUL",200,"2013 Q3",8
"Continente","CS BALNEÁRIO",21,"2013 Q3",63
"Sul","CS ALTO RIBEIRÃO",210,"2013 Q3",10
"Sul","CS RIBEIRÃO DA ILHA",220,"2013 Q3",26
"Sul","CS PANTANO DO SUL",230,"2013 Q3",47
"Sul","CS ARMAÇÃO",240,"2013 Q3",43
"Sul","CS ARMAÇÃO",241,"2013 Q3",36
"Sul","CS ARMAÇÃO",242,"2013 Q3",6
"Sul","CS MORRO DAS PEDRAS",250,"2013 Q3",35
"Sul","CS MORRO DAS PEDRAS",251,"2013 Q3",52
"Sul","CS TAPERA",260,"2013 Q3",20
"Sul","CS TAPERA",261,"2013 Q3",23
"Sul","CS TAPERA",262,"2013 Q3",27
"Sul","CS TAPERA",263,"2013 Q3",32
"Sul","CS CARIANOS",270,"2013 Q3",74
"Sul","CS CARIANOS",271,"2013 Q3",78
"Sul","CS CARIANOS",272,"2013 Q3",8
"Sul","CS CAMPECHE",280,"2013 Q3",56
"Sul","CS CAMPECHE",281,"2013 Q3",24
"Sul","CS RIO TAVARES",290,"2013 Q3",21
"Sul","CS RIO TAVARES",291,"2013 Q3",16
"Sul","CS RIO TAVARES",292,"2013 Q3",1
"Sul","CS RIO TAVARES",293,"2013 Q3",4
"Continente","CS SAPE",30,"2013 Q3",10
"Sul","CS COSTEIRA DO PIRAJUBAÉ",300,"2013 Q3",32
"Sul","CS COSTEIRA DO PIRAJUBAÉ",301,"2013 Q3",17
"Sul","CS COSTEIRA DO PIRAJUBAÉ",302,"2013 Q3",24
"Continente","CS SAPE",31,"2013 Q3",3
"Centro","CS SACO DOS LIMÕES",310,"2013 Q3",5
"Centro","CS SACO DOS LIMÕES",311,"2013 Q3",3
"Centro","CS SACO DOS LIMÕES",312,"2013 Q3",10
"Centro","CS SACO DOS LIMÕES",313,"2013 Q3",2
"Centro","CS SACO DOS LIMÕES",314,"2013 Q3",0
"Centro","CS JOÃO PAULO",320,"2013 Q3",35
"Centro","CS JOÃO PAULO",321,"2013 Q3",24
"Norte","CS SACO GRANDE",330,"2013 Q3",54
"Norte","CS SACO GRANDE",331,"2013 Q3",47
"Norte","CS SACO GRANDE",332,"2013 Q3",66
"Norte","CS SACO GRANDE",333,"2013 Q3",40
"Norte","CS SACO GRANDE",334,"2013 Q3",40
"Norte","CS SACO GRANDE",335,"2013 Q3",60
"Norte","CS VARGEM PEQUENA",340,"2013 Q3",11
"Norte","CS RATONES",350,"2013 Q3",29
"Norte","CS RATONES",351,"2013 Q3",19
"Norte","CS SANTO ANTONIO LISBOA",360,"2013 Q3",48
"Norte","CS SANTO ANTONIO LISBOA",361,"2013 Q3",60
"Norte","CS PONTA DAS CANAS",370,"2013 Q3",39
"Norte","CS PONTA DAS CANAS",371,"2013 Q3",14
"Norte","CS CANASVIEIRAS",380,"2013 Q3",15
"Norte","CS CANASVIEIRAS",381,"2013 Q3",22
"Norte","CS CANASVIEIRAS",382,"2013 Q3",23
"Norte","CS CANASVIEIRAS",383,"2013 Q3",21
"Norte","CS CANASVIEIRAS",384,"2013 Q3",36
"Norte","CS JURERE",390,"2013 Q3",53
"Continente","CS MONTE CRISTO",40,"2013 Q3",43
"Norte","CS CACHOEIRA BOM JESUS",400,"2013 Q3",29
"Norte","CS CACHOEIRA BOM JESUS",401,"2013 Q3",21
"Continente","CS MONTE CRISTO",41,"2013 Q3",34
"Norte","CS VARGEM GRANDE",410,"2013 Q3",10
"Continente","CS MONTE CRISTO",42,"2013 Q3",30
"Norte","CS RIO VERMELHO",420,"2013 Q3",49
"Norte","CS RIO VERMELHO",421,"2013 Q3",44
"Norte","CS RIO VERMELHO",422,"2013 Q3",7
"Norte","CS RIO VERMELHO",423,"2013 Q3",24
"Norte","CS RIO VERMELHO",424,"2013 Q3",12
"Continente","CS MONTE CRISTO",43,"2013 Q3",36
"Norte","CS INGLESES",431,"2013 Q3",22
"Norte","CS INGLESES",432,"2013 Q3",40
"Norte","CS INGLESES",433,"2013 Q3",22
"Norte","CS INGLESES",434,"2013 Q3",12
"Norte","CS INGLESES",435,"2013 Q3",25
"Norte","CS INGLESES",436,"2013 Q3",29
"Norte","CS INGLESES",437,"2013 Q3",8
"Norte","CS INGLESES",438,"2013 Q3",4
"Continente","CS MONTE CRISTO",44,"2013 Q3",39
"Norte","CS BARRA DA LAGOA",440,"2013 Q3",40
"Norte","CS BARRA DA LAGOA",441,"2013 Q3",42
"Norte","CS BARRA DA LAGOA",442,"2013 Q3",20
"Continente","CS MONTE CRISTO",45,"2013 Q3",40
"Sul","CS CANTO DA LAGOA",450,"2013 Q3",35
"Continente","CS MONTE CRISTO",46,"2013 Q3",10
"Sul","CS COSTA DA LAGOA",460,"2013 Q3",21
"Sul","CS LAGOA DA CONCEIÇÃO",470,"2013 Q3",36
"Sul","CS LAGOA DA CONCEIÇÃO",471,"2013 Q3",25
"Sul","CS LAGOA DA CONCEIÇÃO",472,"2013 Q3",19
"Continente","CS ABRAÃO",570,"2013 Q3",39
"Continente","CS ABRAÃO",571,"2013 Q3",13
"Continente","CS ABRAÃO",572,"2013 Q3",15
"Continente","CS CAPOEIRAS",60,"2013 Q3",40
"Continente","CS COQUEIROS",600,"2013 Q3",41
"Continente","CS COQUEIROS",601,"2013 Q3",39
"Continente","CS COQUEIROS",602,"2013 Q3",56
"Continente","CS CAPOEIRAS",61,"2013 Q3",31
"Continente","CS CAPOEIRAS",62,"2013 Q3",28
"Centro","CS AGRONÔMICA",690,"2013 Q3",64
"Centro","CS AGRONÔMICA",691,"2013 Q3",38
"Centro","CS AGRONÔMICA",692,"2013 Q3",46
"Centro","CS AGRONÔMICA",693,"2013 Q3",33
"Continente","CS COLONINHA",70,"2013 Q3",63
"Continente","CS COLONINHA",71,"2013 Q3",64
"Continente","CS COLONINHA",72,"2013 Q3",51
"Sul","CS FAZENDA DO RIO TAVARES",780,"2013 Q3",9
"Sul","CS FAZENDA DO RIO TAVARES",781,"2013 Q3",10
"Continente","CS ESTREITO",80,"2013 Q3",47
"Continente","CS ESTREITO",81,"2013 Q3",24
"Continente","CS ESTREITO",82,"2013 Q3",26
"Continente","CS ESTREITO",83,"2013 Q3",23
"Centro","CS TRINDADE",850,"2013 Q3",52
"Centro","CS TRINDADE",851,"2013 Q3",60
"Centro","CS TRINDADE",852,"2013 Q3",42
"Centro","CS TRINDADE",853,"2013 Q3",49
"Centro","CS TRINDADE",854,"2013 Q3",44
"Continente","CS VILA APARECIDA",90,"2013 Q3",0
"Continente","CS VILA APARECIDA",91,"2013 Q3",1
"Centro","CS CENTRO",950,"2013 Q3",36
"Centro","CS CENTRO",951,"2013 Q3",43
"Centro","CS CENTRO",952,"2013 Q3",26
"Norte","CS SANTINHO",980,"2013 Q3",26
"Norte","CS SANTINHO",981,"2013 Q3",33
"Continente","CS JARDIM ATLÂNTICO",10,"2013 Q4",22
"Continente","CS NOVO CONTINENTE",100,"2013 Q4",17
"Continente","CS NOVO CONTINENTE",101,"2013 Q4",15
"Continente","CS NOVO CONTINENTE",102,"2013 Q4",16
"Continente","CS NOVO CONTINENTE",103,"2013 Q4",10
"Continente","CS JARDIM ATLÂNTICO",11,"2013 Q4",18
"Centro","CS MONTE SERRAT",120,"2013 Q4",9
"Centro","CS MONTE SERRAT",121,"2013 Q4",14
"Centro","CS MONTE SERRAT",122,"2013 Q4",16
"Centro","CS PRAINHA",130,"2013 Q4",18
"Centro","CS PRAINHA",131,"2013 Q4",24
"Centro","CS PRAINHA",132,"2013 Q4",37
"Centro","CS PANTANAL",160,"2013 Q4",39
"Centro","CS PANTANAL",161,"2013 Q4",33
"Centro","CS CÓRREGO GRANDE",170,"2013 Q4",44
"Centro","CS CÓRREGO GRANDE",171,"2013 Q4",23
"Centro","CS CÓRREGO GRANDE",172,"2013 Q4",10
"Centro","CS ITACORUBI",190,"2013 Q4",34
"Centro","CS ITACORUBI",191,"2013 Q4",50
"Centro","CS ITACORUBI",192,"2013 Q4",56
"Centro","CS ITACORUBI",193,"2013 Q4",38
"Continente","CS BALNEÁRIO",20,"2013 Q4",34
"Sul","CS CAIEIRA BARRA DO SUL",200,"2013 Q4",7
"Continente","CS BALNEÁRIO",21,"2013 Q4",13
"Sul","CS ALTO RIBEIRÃO",210,"2013 Q4",5
"Sul","CS RIBEIRÃO DA ILHA",220,"2013 Q4",32
"Sul","CS PANTANO DO SUL",230,"2013 Q4",25
"Sul","CS ARMAÇÃO",240,"2013 Q4",13
"Sul","CS ARMAÇÃO",241,"2013 Q4",9
"Sul","CS ARMAÇÃO",242,"2013 Q4",0
"Sul","CS MORRO DAS PEDRAS",250,"2013 Q4",31
"Sul","CS MORRO DAS PEDRAS",251,"2013 Q4",26
"Sul","CS TAPERA",260,"2013 Q4",22
"Sul","CS TAPERA",261,"2013 Q4",19
"Sul","CS TAPERA",262,"2013 Q4",21
"Sul","CS TAPERA",263,"2013 Q4",21
"Sul","CS CARIANOS",270,"2013 Q4",32
"Sul","CS CARIANOS",271,"2013 Q4",63
"Sul","CS CARIANOS",272,"2013 Q4",8
"Sul","CS CAMPECHE",280,"2013 Q4",57
"Sul","CS CAMPECHE",281,"2013 Q4",26
"Sul","CS RIO TAVARES",290,"2013 Q4",13
"Sul","CS RIO TAVARES",291,"2013 Q4",12
"Sul","CS RIO TAVARES",292,"2013 Q4",5
"Sul","CS RIO TAVARES",293,"2013 Q4",3
"Continente","CS SAPE",30,"2013 Q4",5
"Sul","CS COSTEIRA DO PIRAJUBAÉ",300,"2013 Q4",23
"Sul","CS COSTEIRA DO PIRAJUBAÉ",301,"2013 Q4",22
"Sul","CS COSTEIRA DO PIRAJUBAÉ",302,"2013 Q4",21
"Continente","CS SAPE",31,"2013 Q4",3
"Centro","CS SACO DOS LIMÕES",310,"2013 Q4",5
"Centro","CS SACO DOS LIMÕES",311,"2013 Q4",3
"Centro","CS SACO DOS LIMÕES",312,"2013 Q4",2
"Centro","CS SACO DOS LIMÕES",313,"2013 Q4",3
"Centro","CS SACO DOS LIMÕES",314,"2013 Q4",1
"Centro","CS JOÃO PAULO",320,"2013 Q4",21
"Centro","CS JOÃO PAULO",321,"2013 Q4",19
"Norte","CS SACO GRANDE",330,"2013 Q4",37
"Norte","CS SACO GRANDE",331,"2013 Q4",36
"Norte","CS SACO GRANDE",332,"2013 Q4",45
"Norte","CS SACO GRANDE",333,"2013 Q4",38
"Norte","CS SACO GRANDE",334,"2013 Q4",29
"Norte","CS SACO GRANDE",335,"2013 Q4",28
"Norte","CS VARGEM PEQUENA",340,"2013 Q4",37
"Norte","CS RATONES",350,"2013 Q4",37
"Norte","CS RATONES",351,"2013 Q4",17
"Norte","CS SANTO ANTONIO LISBOA",360,"2013 Q4",29
"Norte","CS SANTO ANTONIO LISBOA",361,"2013 Q4",29
"Norte","CS PONTA DAS CANAS",370,"2013 Q4",41
"Norte","CS PONTA DAS CANAS",371,"2013 Q4",28
"Norte","CS CANASVIEIRAS",380,"2013 Q4",17
"Norte","CS CANASVIEIRAS",381,"2013 Q4",18
"Norte","CS CANASVIEIRAS",382,"2013 Q4",28
"Norte","CS CANASVIEIRAS",383,"2013 Q4",16
"Norte","CS CANASVIEIRAS",384,"2013 Q4",35
"Norte","CS JURERE",390,"2013 Q4",93
"Continente","CS MONTE CRISTO",40,"2013 Q4",41
"Norte","CS CACHOEIRA BOM JESUS",400,"2013 Q4",48
"Norte","CS CACHOEIRA BOM JESUS",401,"2013 Q4",47
"Continente","CS MONTE CRISTO",41,"2013 Q4",30
"Norte","CS VARGEM GRANDE",410,"2013 Q4",10
"Continente","CS MONTE CRISTO",42,"2013 Q4",19
"Norte","CS RIO VERMELHO",420,"2013 Q4",52
"Norte","CS RIO VERMELHO",421,"2013 Q4",52
"Norte","CS RIO VERMELHO",422,"2013 Q4",6
"Norte","CS RIO VERMELHO",423,"2013 Q4",16
"Norte","CS RIO VERMELHO",424,"2013 Q4",15
"Continente","CS MONTE CRISTO",43,"2013 Q4",26
"Norte","CS INGLESES",431,"2013 Q4",24
"Norte","CS INGLESES",432,"2013 Q4",16
"Norte","CS INGLESES",433,"2013 Q4",23
"Norte","CS INGLESES",434,"2013 Q4",11
"Norte","CS INGLESES",435,"2013 Q4",13
"Norte","CS INGLESES",436,"2013 Q4",21
"Norte","CS INGLESES",437,"2013 Q4",3
"Norte","CS INGLESES",438,"2013 Q4",0
"Continente","CS MONTE CRISTO",44,"2013 Q4",34
"Norte","CS BARRA DA LAGOA",440,"2013 Q4",30
"Norte","CS BARRA DA LAGOA",441,"2013 Q4",27
"Norte","CS BARRA DA LAGOA",442,"2013 Q4",6
"Continente","CS MONTE CRISTO",45,"2013 Q4",27
"Sul","CS CANTO DA LAGOA",450,"2013 Q4",26
"Continente","CS MONTE CRISTO",46,"2013 Q4",9
"Sul","CS COSTA DA LAGOA",460,"2013 Q4",22
"Sul","CS LAGOA DA CONCEIÇÃO",470,"2013 Q4",20
"Sul","CS LAGOA DA CONCEIÇÃO",471,"2013 Q4",17
"Sul","CS LAGOA DA CONCEIÇÃO",472,"2013 Q4",14
"Continente","CS ABRAÃO",570,"2013 Q4",23
"Continente","CS ABRAÃO",571,"2013 Q4",20
"Continente","CS ABRAÃO",572,"2013 Q4",9
"Continente","CS CAPOEIRAS",60,"2013 Q4",36
"Continente","CS COQUEIROS",600,"2013 Q4",40
"Continente","CS COQUEIROS",601,"2013 Q4",44
"Continente","CS COQUEIROS",602,"2013 Q4",57
"Continente","CS CAPOEIRAS",61,"2013 Q4",27
"Continente","CS CAPOEIRAS",62,"2013 Q4",19
"Centro","CS AGRONÔMICA",690,"2013 Q4",52
"Centro","CS AGRONÔMICA",691,"2013 Q4",53
"Centro","CS AGRONÔMICA",692,"2013 Q4",30
"Centro","CS AGRONÔMICA",693,"2013 Q4",36
"Continente","CS COLONINHA",70,"2013 Q4",63
"Continente","CS COLONINHA",71,"2013 Q4",46
"Continente","CS COLONINHA",72,"2013 Q4",43
"Sul","CS FAZENDA DO RIO TAVARES",780,"2013 Q4",2
"Sul","CS FAZENDA DO RIO TAVARES",781,"2013 Q4",9
"Continente","CS ESTREITO",80,"2013 Q4",26
"Continente","CS ESTREITO",81,"2013 Q4",20
"Continente","CS ESTREITO",82,"2013 Q4",33
"Continente","CS ESTREITO",83,"2013 Q4",15
"Centro","CS TRINDADE",850,"2013 Q4",37
"Centro","CS TRINDADE",851,"2013 Q4",39
"Centro","CS TRINDADE",852,"2013 Q4",29
"Centro","CS TRINDADE",853,"2013 Q4",28
"Centro","CS TRINDADE",854,"2013 Q4",34
"Continente","CS VILA APARECIDA",90,"2013 Q4",0
"Continente","CS VILA APARECIDA",91,"2013 Q4",0
"Centro","CS CENTRO",950,"2013 Q4",26
"Centro","CS CENTRO",951,"2013 Q4",9
"Centro","CS CENTRO",952,"2013 Q4",10
"Norte","CS SANTINHO",980,"2013 Q4",20
"Norte","CS SANTINHO",981,"2013 Q4",25
"Continente","CS JARDIM ATLÂNTICO",10,"2014 Q1",30
"Continente","CS NOVO CONTINENTE",100,"2014 Q1",16
"Continente","CS NOVO CONTINENTE",101,"2014 Q1",15
"Continente","CS NOVO CONTINENTE",102,"2014 Q1",12
"Continente","CS NOVO CONTINENTE",103,"2014 Q1",9
"Continente","CS JARDIM ATLÂNTICO",11,"2014 Q1",22
"Centro","CS MONTE SERRAT",120,"2014 Q1",27
"Centro","CS MONTE SERRAT",121,"2014 Q1",13
"Centro","CS MONTE SERRAT",122,"2014 Q1",23
"Centro","CS PRAINHA",130,"2014 Q1",22
"Centro","CS PRAINHA",131,"2014 Q1",24
"Centro","CS PRAINHA",132,"2014 Q1",16
"Centro","CS PANTANAL",160,"2014 Q1",30
"Centro","CS PANTANAL",161,"2014 Q1",28
"Centro","CS CÓRREGO GRANDE",170,"2014 Q1",40
"Centro","CS CÓRREGO GRANDE",171,"2014 Q1",32
"Centro","CS CÓRREGO GRANDE",172,"2014 Q1",17
"Centro","CS ITACORUBI",190,"2014 Q1",29
"Centro","CS ITACORUBI",191,"2014 Q1",46
"Centro","CS ITACORUBI",192,"2014 Q1",46
"Centro","CS ITACORUBI",193,"2014 Q1",32
"Continente","CS BALNEÁRIO",20,"2014 Q1",36
"Sul","CS CAIEIRA BARRA DO SUL",200,"2014 Q1",15
"Continente","CS BALNEÁRIO",21,"2014 Q1",27
"Sul","CS ALTO RIBEIRÃO",210,"2014 Q1",12
"Sul","CS RIBEIRÃO DA ILHA",220,"2014 Q1",32
"Sul","CS PANTANO DO SUL",230,"2014 Q1",56
"Sul","CS ARMAÇÃO",240,"2014 Q1",36
"Sul","CS ARMAÇÃO",241,"2014 Q1",30
"Sul","CS ARMAÇÃO",242,"2014 Q1",10
"Sul","CS MORRO DAS PEDRAS",250,"2014 Q1",28
"Sul","CS MORRO DAS PEDRAS",251,"2014 Q1",57
"Sul","CS TAPERA",260,"2014 Q1",39
"Sul","CS TAPERA",261,"2014 Q1",23
"Sul","CS TAPERA",262,"2014 Q1",36
"Sul","CS TAPERA",263,"2014 Q1",35
"Sul","CS CARIANOS",270,"2014 Q1",36
"Sul","CS CARIANOS",271,"2014 Q1",66
"Sul","CS CARIANOS",272,"2014 Q1",7
"Sul","CS CAMPECHE",280,"2014 Q1",46
"Sul","CS CAMPECHE",281,"2014 Q1",28
"Sul","CS RIO TAVARES",290,"2014 Q1",7
"Sul","CS RIO TAVARES",291,"2014 Q1",13
"Sul","CS RIO TAVARES",292,"2014 Q1",4
"Sul","CS RIO TAVARES",293,"2014 Q1",0
"Continente","CS SAPE",30,"2014 Q1",19
"Sul","CS COSTEIRA DO PIRAJUBAÉ",300,"2014 Q1",29
"Sul","CS COSTEIRA DO PIRAJUBAÉ",301,"2014 Q1",35
"Sul","CS COSTEIRA DO PIRAJUBAÉ",302,"2014 Q1",27
"Continente","CS SAPE",31,"2014 Q1",23
"Centro","CS SACO DOS LIMÕES",310,"2014 Q1",3
"Centro","CS SACO DOS LIMÕES",311,"2014 Q1",3
"Centro","CS SACO DOS LIMÕES",312,"2014 Q1",7
"Centro","CS SACO DOS LIMÕES",313,"2014 Q1",0
"Centro","CS SACO DOS LIMÕES",314,"2014 Q1",0
"Centro","CS JOÃO PAULO",320,"2014 Q1",34
"Centro","CS JOÃO PAULO",321,"2014 Q1",17
"Norte","CS SACO GRANDE",330,"2014 Q1",65
"Norte","CS SACO GRANDE",331,"2014 Q1",61
"Norte","CS SACO GRANDE",332,"2014 Q1",60
"Norte","CS SACO GRANDE",333,"2014 Q1",57
"Norte","CS SACO GRANDE",334,"2014 Q1",26
"Norte","CS SACO GRANDE",335,"2014 Q1",43
"Norte","CS VARGEM PEQUENA",340,"2014 Q1",5
"Norte","CS RATONES",350,"2014 Q1",27
"Norte","CS RATONES",351,"2014 Q1",15
"Norte","CS SANTO ANTONIO LISBOA",360,"2014 Q1",39
"Norte","CS SANTO ANTONIO LISBOA",361,"2014 Q1",48
"Norte","CS PONTA DAS CANAS",370,"2014 Q1",38
"Norte","CS PONTA DAS CANAS",371,"2014 Q1",21
"Norte","CS CANASVIEIRAS",380,"2014 Q1",11
"Norte","CS CANASVIEIRAS",381,"2014 Q1",23
"Norte","CS CANASVIEIRAS",382,"2014 Q1",18
"Norte","CS CANASVIEIRAS",383,"2014 Q1",17
"Norte","CS CANASVIEIRAS",384,"2014 Q1",24
"Norte","CS JURERE",390,"2014 Q1",68
"Continente","CS MONTE CRISTO",40,"2014 Q1",32
"Norte","CS CACHOEIRA BOM JESUS",400,"2014 Q1",4
"Norte","CS CACHOEIRA BOM JESUS",401,"2014 Q1",4
"Continente","CS MONTE CRISTO",41,"2014 Q1",43
"Norte","CS VARGEM GRANDE",410,"2014 Q1",9
"Continente","CS MONTE CRISTO",42,"2014 Q1",19
"Norte","CS RIO VERMELHO",420,"2014 Q1",57
"Norte","CS RIO VERMELHO",421,"2014 Q1",48
"Norte","CS RIO VERMELHO",422,"2014 Q1",11
"Norte","CS RIO VERMELHO",423,"2014 Q1",15
"Norte","CS RIO VERMELHO",424,"2014 Q1",16
"Continente","CS MONTE CRISTO",43,"2014 Q1",32
"Norte","CS INGLESES",431,"2014 Q1",24
"Norte","CS INGLESES",432,"2014 Q1",33
"Norte","CS INGLESES",433,"2014 Q1",15
"Norte","CS INGLESES",434,"2014 Q1",12
"Norte","CS INGLESES",435,"2014 Q1",25
"Norte","CS INGLESES",436,"2014 Q1",23
"Norte","CS INGLESES",437,"2014 Q1",3
"Norte","CS INGLESES",438,"2014 Q1",3
"Continente","CS MONTE CRISTO",44,"2014 Q1",43
"Norte","CS BARRA DA LAGOA",440,"2014 Q1",19
"Norte","CS BARRA DA LAGOA",441,"2014 Q1",27
"Norte","CS BARRA DA LAGOA",442,"2014 Q1",8
"Continente","CS MONTE CRISTO",45,"2014 Q1",26
"Sul","CS CANTO DA LAGOA",450,"2014 Q1",24
"Continente","CS MONTE CRISTO",46,"2014 Q1",10
"Sul","CS COSTA DA LAGOA",460,"2014 Q1",16
"Sul","CS LAGOA DA CONCEIÇÃO",470,"2014 Q1",66
"Sul","CS LAGOA DA CONCEIÇÃO",471,"2014 Q1",35
"Sul","CS LAGOA DA CONCEIÇÃO",472,"2014 Q1",27
"Continente","CS ABRAÃO",570,"2014 Q1",28
"Continente","CS ABRAÃO",571,"2014 Q1",21
"Continente","CS ABRAÃO",572,"2014 Q1",4
"Continente","CS CAPOEIRAS",60,"2014 Q1",32
"Continente","CS COQUEIROS",600,"2014 Q1",19
"Continente","CS COQUEIROS",601,"2014 Q1",36
"Continente","CS COQUEIROS",602,"2014 Q1",53
"Continente","CS CAPOEIRAS",61,"2014 Q1",16
"Continente","CS CAPOEIRAS",62,"2014 Q1",16
"Centro","CS AGRONÔMICA",690,"2014 Q1",70
"Centro","CS AGRONÔMICA",691,"2014 Q1",57
"Centro","CS AGRONÔMICA",692,"2014 Q1",43
"Centro","CS AGRONÔMICA",693,"2014 Q1",34
"Continente","CS COLONINHA",70,"2014 Q1",48
"Continente","CS COLONINHA",71,"2014 Q1",36
"Continente","CS COLONINHA",72,"2014 Q1",48
"Sul","CS FAZENDA DO RIO TAVARES",780,"2014 Q1",6
"Sul","CS FAZENDA DO RIO TAVARES",781,"2014 Q1",17
"Continente","CS ESTREITO",80,"2014 Q1",21
"Continente","CS ESTREITO",81,"2014 Q1",25
"Continente","CS ESTREITO",82,"2014 Q1",37
"Continente","CS ESTREITO",83,"2014 Q1",17
"Centro","CS TRINDADE",850,"2014 Q1",35
"Centro","CS TRINDADE",851,"2014 Q1",31
"Centro","CS TRINDADE",852,"2014 Q1",36
"Centro","CS TRINDADE",853,"2014 Q1",36
"Centro","CS TRINDADE",854,"2014 Q1",33
"Continente","CS VILA APARECIDA",90,"2014 Q1",1
"Continente","CS VILA APARECIDA",91,"2014 Q1",0
"Centro","CS CENTRO",950,"2014 Q1",39
"Centro","CS CENTRO",951,"2014 Q1",20
"Centro","CS CENTRO",952,"2014 Q1",22
"Norte","CS SANTINHO",980,"2014 Q1",16
"Norte","CS SANTINHO",981,"2014 Q1",20
"Continente","CS JARDIM ATLÂNTICO",10,"2014 Q2",17
"Continente","CS NOVO CONTINENTE",100,"2014 Q2",21
"Continente","CS NOVO CONTINENTE",101,"2014 Q2",22
"Continente","CS NOVO CONTINENTE",102,"2014 Q2",29
"Continente","CS NOVO CONTINENTE",103,"2014 Q2",14
"Continente","CS JARDIM ATLÂNTICO",11,"2014 Q2",15
"Centro","CS MONTE SERRAT",120,"2014 Q2",26
"Centro","CS MONTE SERRAT",121,"2014 Q2",10
"Centro","CS MONTE SERRAT",122,"2014 Q2",18
"Centro","CS PRAINHA",130,"2014 Q2",21
"Centro","CS PRAINHA",131,"2014 Q2",22
"Centro","CS PRAINHA",132,"2014 Q2",38
"Centro","CS PANTANAL",160,"2014 Q2",31
"Centro","CS PANTANAL",161,"2014 Q2",30
"Centro","CS CÓRREGO GRANDE",170,"2014 Q2",42
"Centro","CS CÓRREGO GRANDE",171,"2014 Q2",27
"Centro","CS CÓRREGO GRANDE",172,"2014 Q2",16
"Centro","CS ITACORUBI",190,"2014 Q2",28
"Centro","CS ITACORUBI",191,"2014 Q2",32
"Centro","CS ITACORUBI",192,"2014 Q2",28
"Centro","CS ITACORUBI",193,"2014 Q2",24
"Continente","CS BALNEÁRIO",20,"2014 Q2",20
"Sul","CS CAIEIRA BARRA DO SUL",200,"2014 Q2",25
"Continente","CS BALNEÁRIO",21,"2014 Q2",27
"Sul","CS ALTO RIBEIRÃO",210,"2014 Q2",9
"Sul","CS RIBEIRÃO DA ILHA",220,"2014 Q2",15
"Sul","CS PANTANO DO SUL",230,"2014 Q2",25
"Sul","CS ARMAÇÃO",240,"2014 Q2",30
"Sul","CS ARMAÇÃO",241,"2014 Q2",30
"Sul","CS ARMAÇÃO",242,"2014 Q2",2
"Sul","CS MORRO DAS PEDRAS",250,"2014 Q2",31
"Sul","CS MORRO DAS PEDRAS",251,"2014 Q2",50
"Sul","CS TAPERA",260,"2014 Q2",19
"Sul","CS TAPERA",261,"2014 Q2",22
"Sul","CS TAPERA",262,"2014 Q2",22
"Sul","CS TAPERA",263,"2014 Q2",27
"Sul","CS CARIANOS",270,"2014 Q2",51
"Sul","CS CARIANOS",271,"2014 Q2",80
"Sul","CS CARIANOS",272,"2014 Q2",4
"Sul","CS CAMPECHE",280,"2014 Q2",37
"Sul","CS CAMPECHE",281,"2014 Q2",16
"Sul","CS RIO TAVARES",290,"2014 Q2",24
"Sul","CS RIO TAVARES",291,"2014 Q2",23
"Sul","CS RIO TAVARES",292,"2014 Q2",6
"Sul","CS RIO TAVARES",293,"2014 Q2",8
"Continente","CS SAPE",30,"2014 Q2",18
"Sul","CS COSTEIRA DO PIRAJUBAÉ",300,"2014 Q2",33
"Sul","CS COSTEIRA DO PIRAJUBAÉ",301,"2014 Q2",14
"Sul","CS COSTEIRA DO PIRAJUBAÉ",302,"2014 Q2",21
"Continente","CS SAPE",31,"2014 Q2",18
"Centro","CS SACO DOS LIMÕES",310,"2014 Q2",2
"Centro","CS SACO DOS LIMÕES",311,"2014 Q2",2
"Centro","CS SACO DOS LIMÕES",312,"2014 Q2",10
"Centro","CS SACO DOS LIMÕES",313,"2014 Q2",2
"Centro","CS SACO DOS LIMÕES",314,"2014 Q2",0
"Centro","CS JOÃO PAULO",320,"2014 Q2",30
"Centro","CS JOÃO PAULO",321,"2014 Q2",36
"Norte","CS SACO GRANDE",330,"2014 Q2",58
"Norte","CS SACO GRANDE",331,"2014 Q2",37
"Norte","CS SACO GRANDE",332,"2014 Q2",16
"Norte","CS SACO GRANDE",333,"2014 Q2",57
"Norte","CS SACO GRANDE",334,"2014 Q2",21
"Norte","CS SACO GRANDE",335,"2014 Q2",41
"Norte","CS VARGEM PEQUENA",340,"2014 Q2",6
"Norte","CS RATONES",350,"2014 Q2",33
"Norte","CS RATONES",351,"2014 Q2",15
"Norte","CS SANTO ANTONIO LISBOA",360,"2014 Q2",52
"Norte","CS SANTO ANTONIO LISBOA",361,"2014 Q2",53
"Norte","CS PONTA DAS CANAS",370,"2014 Q2",15
"Norte","CS PONTA DAS CANAS",371,"2014 Q2",7
"Norte","CS CANASVIEIRAS",380,"2014 Q2",19
"Norte","CS CANASVIEIRAS",381,"2014 Q2",25
"Norte","CS CANASVIEIRAS",382,"2014 Q2",16
"Norte","CS CANASVIEIRAS",383,"2014 Q2",13
"Norte","CS CANASVIEIRAS",384,"2014 Q2",23
"Norte","CS JURERE",390,"2014 Q2",95
"Continente","CS MONTE CRISTO",40,"2014 Q2",53
"Norte","CS CACHOEIRA BOM JESUS",400,"2014 Q2",29
"Norte","CS CACHOEIRA BOM JESUS",401,"2014 Q2",24
"Continente","CS MONTE CRISTO",41,"2014 Q2",34
"Norte","CS VARGEM GRANDE",410,"2014 Q2",10
"Continente","CS MONTE CRISTO",42,"2014 Q2",21
"Norte","CS RIO VERMELHO",420,"2014 Q2",46
"Norte","CS RIO VERMELHO",421,"2014 Q2",61
"Norte","CS RIO VERMELHO",422,"2014 Q2",12
"Norte","CS RIO VERMELHO",423,"2014 Q2",10
"Norte","CS RIO VERMELHO",424,"2014 Q2",30
"Continente","CS MONTE CRISTO",43,"2014 Q2",34
"Norte","CS INGLESES",431,"2014 Q2",12
"Norte","CS INGLESES",432,"2014 Q2",21
"Norte","CS INGLESES",433,"2014 Q2",17
"Norte","CS INGLESES",434,"2014 Q2",18
"Norte","CS INGLESES",435,"2014 Q2",22
"Norte","CS INGLESES",436,"2014 Q2",15
"Norte","CS INGLESES",437,"2014 Q2",6
"Norte","CS INGLESES",438,"2014 Q2",5
"Continente","CS MONTE CRISTO",44,"2014 Q2",47
"Norte","CS BARRA DA LAGOA",440,"2014 Q2",31
"Norte","CS BARRA DA LAGOA",441,"2014 Q2",32
"Norte","CS BARRA DA LAGOA",442,"2014 Q2",11
"Continente","CS MONTE CRISTO",45,"2014 Q2",34
"Sul","CS CANTO DA LAGOA",450,"2014 Q2",32
"Continente","CS MONTE CRISTO",46,"2014 Q2",12
"Sul","CS COSTA DA LAGOA",460,"2014 Q2",5
"Sul","CS LAGOA DA CONCEIÇÃO",470,"2014 Q2",49
"Sul","CS LAGOA DA CONCEIÇÃO",471,"2014 Q2",30
"Sul","CS LAGOA DA CONCEIÇÃO",472,"2014 Q2",36
"Continente","CS ABRAÃO",570,"2014 Q2",23
"Continente","CS ABRAÃO",571,"2014 Q2",19
"Continente","CS ABRAÃO",572,"2014 Q2",9
"Continente","CS CAPOEIRAS",60,"2014 Q2",21
"Continente","CS COQUEIROS",600,"2014 Q2",36
"Continente","CS COQUEIROS",601,"2014 Q2",47
"Continente","CS COQUEIROS",602,"2014 Q2",42
"Continente","CS CAPOEIRAS",61,"2014 Q2",11
"Continente","CS CAPOEIRAS",62,"2014 Q2",14
"Centro","CS AGRONÔMICA",690,"2014 Q2",92
"Centro","CS AGRONÔMICA",691,"2014 Q2",68
"Centro","CS AGRONÔMICA",692,"2014 Q2",39
"Centro","CS AGRONÔMICA",693,"2014 Q2",38
"Continente","CS COLONINHA",70,"2014 Q2",66
"Continente","CS COLONINHA",71,"2014 Q2",48
"Continente","CS COLONINHA",72,"2014 Q2",28
"Sul","CS FAZENDA DO RIO TAVARES",780,"2014 Q2",2
"Sul","CS FAZENDA DO RIO TAVARES",781,"2014 Q2",10
"Continente","CS ESTREITO",80,"2014 Q2",42
"Continente","CS ESTREITO",81,"2014 Q2",26
"Continente","CS ESTREITO",82,"2014 Q2",27
"Continente","CS ESTREITO",83,"2014 Q2",6
"Centro","CS TRINDADE",850,"2014 Q2",36
"Centro","CS TRINDADE",851,"2014 Q2",27
"Centro","CS TRINDADE",852,"2014 Q2",31
"Centro","CS TRINDADE",853,"2014 Q2",26
"Centro","CS TRINDADE",854,"2014 Q2",26
"Continente","CS VILA APARECIDA",90,"2014 Q2",5
"Continente","CS VILA APARECIDA",91,"2014 Q2",2
"Centro","CS CENTRO",950,"2014 Q2",29
"Centro","CS CENTRO",951,"2014 Q2",12
"Centro","CS CENTRO",952,"2014 Q2",21
"Norte","CS SANTINHO",980,"2014 Q2",31
"Norte","CS SANTINHO",981,"2014 Q2",31
"Continente","CS JARDIM ATLÂNTICO",10,"2014 Q3",4
"Continente","CS NOVO CONTINENTE",100,"2014 Q3",17
"Continente","CS NOVO CONTINENTE",101,"2014 Q3",43
"Continente","CS NOVO CONTINENTE",102,"2014 Q3",30
"Continente","CS NOVO CONTINENTE",103,"2014 Q3",14
"Continente","CS JARDIM ATLÂNTICO",11,"2014 Q3",7
"Centro","CS MONTE SERRAT",120,"2014 Q3",25
"Centro","CS MONTE SERRAT",121,"2014 Q3",17
"Centro","CS MONTE SERRAT",122,"2014 Q3",28
"Centro","CS PRAINHA",130,"2014 Q3",40
"Centro","CS PRAINHA",131,"2014 Q3",48
"Centro","CS PRAINHA",132,"2014 Q3",49
"Centro","CS PANTANAL",160,"2014 Q3",65
"Centro","CS PANTANAL",161,"2014 Q3",60
"Centro","CS CÓRREGO GRANDE",170,"2014 Q3",34
"Centro","CS CÓRREGO GRANDE",171,"2014 Q3",25
"Centro","CS CÓRREGO GRANDE",172,"2014 Q3",8
"Centro","CS ITACORUBI",190,"2014 Q3",26
"Centro","CS ITACORUBI",191,"2014 Q3",40
"Centro","CS ITACORUBI",192,"2014 Q3",60
"Centro","CS ITACORUBI",193,"2014 Q3",35
"Continente","CS BALNEÁRIO",20,"2014 Q3",35
"Sul","CS CAIEIRA BARRA DO SUL",200,"2014 Q3",14
"Continente","CS BALNEÁRIO",21,"2014 Q3",43
"Sul","CS ALTO RIBEIRÃO",210,"2014 Q3",11
"Sul","CS RIBEIRÃO DA ILHA",220,"2014 Q3",10
"Sul","CS PANTANO DO SUL",230,"2014 Q3",27
"Sul","CS ARMAÇÃO",240,"2014 Q3",23
"Sul","CS ARMAÇÃO",241,"2014 Q3",23
"Sul","CS ARMAÇÃO",242,"2014 Q3",3
"Sul","CS MORRO DAS PEDRAS",250,"2014 Q3",32
"Sul","CS MORRO DAS PEDRAS",251,"2014 Q3",50
"Sul","CS TAPERA",260,"2014 Q3",26
"Sul","CS TAPERA",261,"2014 Q3",9
"Sul","CS TAPERA",262,"2014 Q3",21
"Sul","CS TAPERA",263,"2014 Q3",24
"Sul","CS CARIANOS",270,"2014 Q3",27
"Sul","CS CARIANOS",271,"2014 Q3",48
"Sul","CS CARIANOS",272,"2014 Q3",8
"Sul","CS CAMPECHE",280,"2014 Q3",54
"Sul","CS CAMPECHE",281,"2014 Q3",32
"Sul","CS RIO TAVARES",290,"2014 Q3",16
"Sul","CS RIO TAVARES",291,"2014 Q3",19
"Sul","CS RIO TAVARES",292,"2014 Q3",6
"Sul","CS RIO TAVARES",293,"2014 Q3",4
"Continente","CS SAPE",30,"2014 Q3",19
"Sul","CS COSTEIRA DO PIRAJUBAÉ",300,"2014 Q3",29
"Sul","CS COSTEIRA DO PIRAJUBAÉ",301,"2014 Q3",30
"Sul","CS COSTEIRA DO PIRAJUBAÉ",302,"2014 Q3",29
"Continente","CS SAPE",31,"2014 Q3",20
"Centro","CS SACO DOS LIMÕES",310,"2014 Q3",5
"Centro","CS SACO DOS LIMÕES",311,"2014 Q3",5
"Centro","CS SACO DOS LIMÕES",312,"2014 Q3",7
"Centro","CS SACO DOS LIMÕES",313,"2014 Q3",0
"Centro","CS SACO DOS LIMÕES",314,"2014 Q3",0
"Centro","CS JOÃO PAULO",320,"2014 Q3",42
"Centro","CS JOÃO PAULO",321,"2014 Q3",30
"Norte","CS SACO GRANDE",330,"2014 Q3",67
"Norte","CS SACO GRANDE",331,"2014 Q3",56
"Norte","CS SACO GRANDE",332,"2014 Q3",75
"Norte","CS SACO GRANDE",333,"2014 Q3",61
"Norte","CS SACO GRANDE",334,"2014 Q3",36
"Norte","CS SACO GRANDE",335,"2014 Q3",51
"Norte","CS VARGEM PEQUENA",340,"2014 Q3",25
"Norte","CS RATONES",350,"2014 Q3",11
"Norte","CS RATONES",351,"2014 Q3",5
"Norte","CS SANTO ANTONIO LISBOA",360,"2014 Q3",54
"Norte","CS SANTO ANTONIO LISBOA",361,"2014 Q3",68
"Norte","CS PONTA DAS CANAS",370,"2014 Q3",8
"Norte","CS PONTA DAS CANAS",371,"2014 Q3",8
"Norte","CS CANASVIEIRAS",380,"2014 Q3",27
"Norte","CS CANASVIEIRAS",381,"2014 Q3",32
"Norte","CS CANASVIEIRAS",382,"2014 Q3",28
"Norte","CS CANASVIEIRAS",383,"2014 Q3",15
"Norte","CS CANASVIEIRAS",384,"2014 Q3",35
"Norte","CS JURERE",390,"2014 Q3",101
"Continente","CS MONTE CRISTO",40,"2014 Q3",67
"Norte","CS CACHOEIRA BOM JESUS",400,"2014 Q3",41
"Norte","CS CACHOEIRA BOM JESUS",401,"2014 Q3",31
"Continente","CS MONTE CRISTO",41,"2014 Q3",34
"Norte","CS VARGEM GRANDE",410,"2014 Q3",12
"Continente","CS MONTE CRISTO",42,"2014 Q3",28
"Norte","CS RIO VERMELHO",420,"2014 Q3",88
"Norte","CS RIO VERMELHO",421,"2014 Q3",72
"Norte","CS RIO VERMELHO",422,"2014 Q3",24
"Norte","CS RIO VERMELHO",423,"2014 Q3",13
"Norte","CS RIO VERMELHO",424,"2014 Q3",21
"Continente","CS MONTE CRISTO",43,"2014 Q3",41
"Norte","CS INGLESES",431,"2014 Q3",44
"Norte","CS INGLESES",432,"2014 Q3",70
"Norte","CS INGLESES",433,"2014 Q3",47
"Norte","CS INGLESES",434,"2014 Q3",33
"Norte","CS INGLESES",435,"2014 Q3",40
"Norte","CS INGLESES",436,"2014 Q3",50
"Norte","CS INGLESES",437,"2014 Q3",9
"Norte","CS INGLESES",438,"2014 Q3",13
"Continente","CS MONTE CRISTO",44,"2014 Q3",70
"Norte","CS BARRA DA LAGOA",440,"2014 Q3",30
"Norte","CS BARRA DA LAGOA",441,"2014 Q3",50
"Norte","CS BARRA DA LAGOA",442,"2014 Q3",10
"Continente","CS MONTE CRISTO",45,"2014 Q3",38
"Sul","CS CANTO DA LAGOA",450,"2014 Q3",34
"Continente","CS MONTE CRISTO",46,"2014 Q3",12
"Sul","CS COSTA DA LAGOA",460,"2014 Q3",1
"Sul","CS LAGOA DA CONCEIÇÃO",470,"2014 Q3",66
"Sul","CS LAGOA DA CONCEIÇÃO",471,"2014 Q3",52
"Sul","CS LAGOA DA CONCEIÇÃO",472,"2014 Q3",37
"Continente","CS ABRAÃO",570,"2014 Q3",32
"Continente","CS ABRAÃO",571,"2014 Q3",30
"Continente","CS ABRAÃO",572,"2014 Q3",25
"Continente","CS CAPOEIRAS",60,"2014 Q3",37
"Continente","CS COQUEIROS",600,"2014 Q3",65
"Continente","CS COQUEIROS",601,"2014 Q3",47
"Continente","CS COQUEIROS",602,"2014 Q3",55
"Continente","CS CAPOEIRAS",61,"2014 Q3",19
"Continente","CS CAPOEIRAS",62,"2014 Q3",23
"Centro","CS AGRONÔMICA",690,"2014 Q3",63
"Centro","CS AGRONÔMICA",691,"2014 Q3",55
"Centro","CS AGRONÔMICA",692,"2014 Q3",34
"Centro","CS AGRONÔMICA",693,"2014 Q3",45
"Continente","CS COLONINHA",70,"2014 Q3",59
"Continente","CS COLONINHA",71,"2014 Q3",38
"Continente","CS COLONINHA",72,"2014 Q3",45
"Sul","CS FAZENDA DO RIO TAVARES",780,"2014 Q3",7
"Sul","CS FAZENDA DO RIO TAVARES",781,"2014 Q3",10
"Continente","CS ESTREITO",80,"2014 Q3",31
"Continente","CS ESTREITO",81,"2014 Q3",19
"Continente","CS ESTREITO",82,"2014 Q3",31
"Continente","CS ESTREITO",83,"2014 Q3",26
"Centro","CS TRINDADE",850,"2014 Q3",73
"Centro","CS TRINDADE",851,"2014 Q3",60
"Centro","CS TRINDADE",852,"2014 Q3",60
"Centro","CS TRINDADE",853,"2014 Q3",36
"Centro","CS TRINDADE",854,"2014 Q3",38
"Continente","CS VILA APARECIDA",90,"2014 Q3",4
"Continente","CS VILA APARECIDA",91,"2014 Q3",2
"Centro","CS CENTRO",950,"2014 Q3",35
"Centro","CS CENTRO",951,"2014 Q3",13
"Centro","CS CENTRO",952,"2014 Q3",20
"Norte","CS SANTINHO",980,"2014 Q3",45
"Norte","CS SANTINHO",981,"2014 Q3",32
"Continente","CS JARDIM ATLÂNTICO",10,"2014 Q4",14
"Continente","CS NOVO CONTINENTE",100,"2014 Q4",10
"Continente","CS NOVO CONTINENTE",101,"2014 Q4",20
"Continente","CS NOVO CONTINENTE",102,"2014 Q4",34
"Continente","CS NOVO CONTINENTE",103,"2014 Q4",12
"Continente","CS JARDIM ATLÂNTICO",11,"2014 Q4",8
"Centro","CS MONTE SERRAT",120,"2014 Q4",24
"Centro","CS MONTE SERRAT",121,"2014 Q4",26
"Centro","CS MONTE SERRAT",122,"2014 Q4",27
"Centro","CS PRAINHA",130,"2014 Q4",17
"Centro","CS PRAINHA",131,"2014 Q4",24
"Centro","CS PRAINHA",132,"2014 Q4",22
"Centro","CS PANTANAL",160,"2014 Q4",34
"Centro","CS PANTANAL",161,"2014 Q4",30
"Centro","CS CÓRREGO GRANDE",170,"2014 Q4",6
"Centro","CS CÓRREGO GRANDE",171,"2014 Q4",6
"Centro","CS CÓRREGO GRANDE",172,"2014 Q4",1
"Centro","CS ITACORUBI",190,"2014 Q4",14
"Centro","CS ITACORUBI",191,"2014 Q4",29
"Centro","CS ITACORUBI",192,"2014 Q4",35
"Centro","CS ITACORUBI",193,"2014 Q4",37
"Continente","CS BALNEÁRIO",20,"2014 Q4",37
"Sul","CS CAIEIRA BARRA DO SUL",200,"2014 Q4",5
"Continente","CS BALNEÁRIO",21,"2014 Q4",47
"Sul","CS ALTO RIBEIRÃO",210,"2014 Q4",1
"Sul","CS RIBEIRÃO DA ILHA",220,"2014 Q4",15
"Sul","CS PANTANO DO SUL",230,"2014 Q4",26
"Sul","CS ARMAÇÃO",240,"2014 Q4",23
"Sul","CS ARMAÇÃO",241,"2014 Q4",23
"Sul","CS ARMAÇÃO",242,"2014 Q4",1
"Sul","CS MORRO DAS PEDRAS",250,"2014 Q4",33
"Sul","CS MORRO DAS PEDRAS",251,"2014 Q4",51
"Sul","CS TAPERA",260,"2014 Q4",21
"Sul","CS TAPERA",261,"2014 Q4",29
"Sul","CS TAPERA",262,"2014 Q4",28
"Sul","CS TAPERA",263,"2014 Q4",15
"Sul","CS CARIANOS",270,"2014 Q4",56
"Sul","CS CARIANOS",271,"2014 Q4",83
"Sul","CS CARIANOS",272,"2014 Q4",7
"Sul","CS CAMPECHE",280,"2014 Q4",53
"Sul","CS CAMPECHE",281,"2014 Q4",25
"Sul","CS RIO TAVARES",290,"2014 Q4",14
"Sul","CS RIO TAVARES",291,"2014 Q4",8
"Sul","CS RIO TAVARES",292,"2014 Q4",10
"Sul","CS RIO TAVARES",293,"2014 Q4",2
"Continente","CS SAPE",30,"2014 Q4",17
"Sul","CS COSTEIRA DO PIRAJUBAÉ",300,"2014 Q4",30
"Sul","CS COSTEIRA DO PIRAJUBAÉ",301,"2014 Q4",28
"Sul","CS COSTEIRA DO PIRAJUBAÉ",302,"2014 Q4",21
"Continente","CS SAPE",31,"2014 Q4",19
"Centro","CS SACO DOS LIMÕES",310,"2014 Q4",3
"Centro","CS SACO DOS LIMÕES",311,"2014 Q4",4
"Centro","CS SACO DOS LIMÕES",312,"2014 Q4",13
"Centro","CS SACO DOS LIMÕES",313,"2014 Q4",1
"Centro","CS SACO DOS LIMÕES",314,"2014 Q4",0
"Centro","CS JOÃO PAULO",320,"2014 Q4",29
"Centro","CS JOÃO PAULO",321,"2014 Q4",25
"Norte","CS SACO GRANDE",330,"2014 Q4",18
"Norte","CS SACO GRANDE",331,"2014 Q4",19
"Norte","CS SACO GRANDE",332,"2014 Q4",40
"Norte","CS SACO GRANDE",333,"2014 Q4",23
"Norte","CS SACO GRANDE",334,"2014 Q4",14
"Norte","CS SACO GRANDE",335,"2014 Q4",18
"Norte","CS VARGEM PEQUENA",340,"2014 Q4",27
"Norte","CS RATONES",350,"2014 Q4",16
"Norte","CS RATONES",351,"2014 Q4",6
"Norte","CS SANTO ANTONIO LISBOA",360,"2014 Q4",38
"Norte","CS SANTO ANTONIO LISBOA",361,"2014 Q4",45
"Norte","CS PONTA DAS CANAS",370,"2014 Q4",65
"Norte","CS PONTA DAS CANAS",371,"2014 Q4",28
"Norte","CS CANASVIEIRAS",380,"2014 Q4",31
"Norte","CS CANASVIEIRAS",381,"2014 Q4",24
"Norte","CS CANASVIEIRAS",382,"2014 Q4",20
"Norte","CS CANASVIEIRAS",383,"2014 Q4",36
"Norte","CS CANASVIEIRAS",384,"2014 Q4",23
"Norte","CS JURERE",390,"2014 Q4",129
"Continente","CS MONTE CRISTO",40,"2014 Q4",53
"Norte","CS CACHOEIRA BOM JESUS",400,"2014 Q4",8
"Norte","CS CACHOEIRA BOM JESUS",401,"2014 Q4",7
"Continente","CS MONTE CRISTO",41,"2014 Q4",99
"Norte","CS VARGEM GRANDE",410,"2014 Q4",17
"Continente","CS MONTE CRISTO",42,"2014 Q4",41
"Norte","CS RIO VERMELHO",420,"2014 Q4",46
"Norte","CS RIO VERMELHO",421,"2014 Q4",69
"Norte","CS RIO VERMELHO",422,"2014 Q4",10
"Norte","CS RIO VERMELHO",423,"2014 Q4",21
"Norte","CS RIO VERMELHO",424,"2014 Q4",29
"Continente","CS MONTE CRISTO",43,"2014 Q4",51
"Norte","CS INGLESES",431,"2014 Q4",29
"Norte","CS INGLESES",432,"2014 Q4",33
"Norte","CS INGLESES",433,"2014 Q4",22
"Norte","CS INGLESES",434,"2014 Q4",16
"Norte","CS INGLESES",435,"2014 Q4",36
"Norte","CS INGLESES",436,"2014 Q4",20
"Norte","CS INGLESES",437,"2014 Q4",9
"Norte","CS INGLESES",438,"2014 Q4",6
"Continente","CS MONTE CRISTO",44,"2014 Q4",63
"Norte","CS BARRA DA LAGOA",440,"2014 Q4",34
"Norte","CS BARRA DA LAGOA",441,"2014 Q4",39
"Norte","CS BARRA DA LAGOA",442,"2014 Q4",8
"Continente","CS MONTE CRISTO",45,"2014 Q4",37
"Sul","CS CANTO DA LAGOA",450,"2014 Q4",23
"Continente","CS MONTE CRISTO",46,"2014 Q4",14
"Sul","CS COSTA DA LAGOA",460,"2014 Q4",8
"Sul","CS LAGOA DA CONCEIÇÃO",470,"2014 Q4",32
"Sul","CS LAGOA DA CONCEIÇÃO",471,"2014 Q4",20
"Sul","CS LAGOA DA CONCEIÇÃO",472,"2014 Q4",14
"Continente","CS ABRAÃO",570,"2014 Q4",11
"Continente","CS ABRAÃO",571,"2014 Q4",34
"Continente","CS ABRAÃO",572,"2014 Q4",9
"Continente","CS CAPOEIRAS",60,"2014 Q4",31
"Continente","CS COQUEIROS",600,"2014 Q4",26
"Continente","CS COQUEIROS",601,"2014 Q4",41
"Continente","CS COQUEIROS",602,"2014 Q4",48
"Continente","CS CAPOEIRAS",61,"2014 Q4",23
"Continente","CS CAPOEIRAS",62,"2014 Q4",17
"Centro","CS AGRONÔMICA",690,"2014 Q4",72
"Centro","CS AGRONÔMICA",691,"2014 Q4",37
"Centro","CS AGRONÔMICA",692,"2014 Q4",51
"Centro","CS AGRONÔMICA",693,"2014 Q4",27
"Continente","CS COLONINHA",70,"2014 Q4",54
"Continente","CS COLONINHA",71,"2014 Q4",43
"Continente","CS COLONINHA",72,"2014 Q4",41
"Sul","CS FAZENDA DO RIO TAVARES",780,"2014 Q4",7
"Sul","CS FAZENDA DO RIO TAVARES",781,"2014 Q4",14
"Continente","CS ESTREITO",80,"2014 Q4",20
"Continente","CS ESTREITO",81,"2014 Q4",13
"Continente","CS ESTREITO",82,"2014 Q4",33
"Continente","CS ESTREITO",83,"2014 Q4",7
"Centro","CS TRINDADE",850,"2014 Q4",36
"Centro","CS TRINDADE",851,"2014 Q4",41
"Centro","CS TRINDADE",852,"2014 Q4",39
"Centro","CS TRINDADE",853,"2014 Q4",26
"Centro","CS TRINDADE",854,"2014 Q4",35
"Continente","CS VILA APARECIDA",90,"2014 Q4",4
"Continente","CS VILA APARECIDA",91,"2014 Q4",4
"Centro","CS CENTRO",950,"2014 Q4",26
"Centro","CS CENTRO",951,"2014 Q4",13
"Centro","CS CENTRO",952,"2014 Q4",20
"Norte","CS SANTINHO",980,"2014 Q4",53
"Norte","CS SANTINHO",981,"2014 Q4",43
"Continente","CS JARDIM ATLÂNTICO",10,"2015 Q1",43
"Continente","CS NOVO CONTINENTE",100,"2015 Q1",24
"Continente","CS NOVO CONTINENTE",101,"2015 Q1",31
"Continente","CS NOVO CONTINENTE",102,"2015 Q1",55
"Continente","CS NOVO CONTINENTE",103,"2015 Q1",12
"Continente","CS JARDIM ATLÂNTICO",11,"2015 Q1",25
"Centro","CS MONTE SERRAT",120,"2015 Q1",7
"Centro","CS MONTE SERRAT",121,"2015 Q1",10
"Centro","CS MONTE SERRAT",122,"2015 Q1",16
"Centro","CS PRAINHA",130,"2015 Q1",8
"Centro","CS PRAINHA",131,"2015 Q1",2
"Centro","CS PRAINHA",132,"2015 Q1",7
"Centro","CS PANTANAL",160,"2015 Q1",39
"Centro","CS PANTANAL",161,"2015 Q1",36
"Centro","CS CÓRREGO GRANDE",170,"2015 Q1",7
"Centro","CS CÓRREGO GRANDE",171,"2015 Q1",1
"Centro","CS CÓRREGO GRANDE",172,"2015 Q1",0
"Centro","CS ITACORUBI",190,"2015 Q1",23
"Centro","CS ITACORUBI",191,"2015 Q1",30
"Centro","CS ITACORUBI",192,"2015 Q1",26
"Centro","CS ITACORUBI",193,"2015 Q1",17
"Continente","CS BALNEÁRIO",20,"2015 Q1",42
"Sul","CS CAIEIRA BARRA DO SUL",200,"2015 Q1",3
"Continente","CS BALNEÁRIO",21,"2015 Q1",30
"Sul","CS ALTO RIBEIRÃO",210,"2015 Q1",7
"Sul","CS RIBEIRÃO DA ILHA",220,"2015 Q1",16
"Sul","CS PANTANO DO SUL",230,"2015 Q1",37
"Sul","CS ARMAÇÃO",240,"2015 Q1",22
"Sul","CS ARMAÇÃO",241,"2015 Q1",9
"Sul","CS ARMAÇÃO",242,"2015 Q1",2
"Sul","CS MORRO DAS PEDRAS",250,"2015 Q1",22
"Sul","CS MORRO DAS PEDRAS",251,"2015 Q1",34
"Sul","CS TAPERA",260,"2015 Q1",14
"Sul","CS TAPERA",261,"2015 Q1",9
"Sul","CS TAPERA",262,"2015 Q1",9
"Sul","CS TAPERA",263,"2015 Q1",15
"Sul","CS CARIANOS",270,"2015 Q1",29
"Sul","CS CARIANOS",271,"2015 Q1",33
"Sul","CS CARIANOS",272,"2015 Q1",0
"Sul","CS CAMPECHE",280,"2015 Q1",38
"Sul","CS CAMPECHE",281,"2015 Q1",18
"Sul","CS RIO TAVARES",290,"2015 Q1",19
"Sul","CS RIO TAVARES",291,"2015 Q1",3
"Sul","CS RIO TAVARES",292,"2015 Q1",2
"Sul","CS RIO TAVARES",293,"2015 Q1",1
"Continente","CS SAPE",30,"2015 Q1",6
"Sul","CS COSTEIRA DO PIRAJUBAÉ",300,"2015 Q1",43
"Sul","CS COSTEIRA DO PIRAJUBAÉ",301,"2015 Q1",42
"Sul","CS COSTEIRA DO PIRAJUBAÉ",302,"2015 Q1",32
"Continente","CS SAPE",31,"2015 Q1",2
"Centro","CS SACO DOS LIMÕES",310,"2015 Q1",3
"Centro","CS SACO DOS LIMÕES",311,"2015 Q1",5
"Centro","CS SACO DOS LIMÕES",312,"2015 Q1",11
"Centro","CS SACO DOS LIMÕES",313,"2015 Q1",2
"Centro","CS SACO DOS LIMÕES",314,"2015 Q1",0
"Centro","CS JOÃO PAULO",320,"2015 Q1",34
"Centro","CS JOÃO PAULO",321,"2015 Q1",40
"Norte","CS SACO GRANDE",330,"2015 Q1",13
"Norte","CS SACO GRANDE",331,"2015 Q1",6
"Norte","CS SACO GRANDE",332,"2015 Q1",12
"Norte","CS SACO GRANDE",333,"2015 Q1",6
"Norte","CS SACO GRANDE",334,"2015 Q1",5
"Norte","CS SACO GRANDE",335,"2015 Q1",7
"Norte","CS VARGEM PEQUENA",340,"2015 Q1",39
"Norte","CS RATONES",350,"2015 Q1",37
"Norte","CS RATONES",351,"2015 Q1",13
"Norte","CS SANTO ANTONIO LISBOA",360,"2015 Q1",29
"Norte","CS SANTO ANTONIO LISBOA",361,"2015 Q1",38
"Norte","CS PONTA DAS CANAS",370,"2015 Q1",48
"Norte","CS PONTA DAS CANAS",371,"2015 Q1",38
"Norte","CS CANASVIEIRAS",380,"2015 Q1",16
"Norte","CS CANASVIEIRAS",381,"2015 Q1",19
"Norte","CS CANASVIEIRAS",382,"2015 Q1",21
"Norte","CS CANASVIEIRAS",383,"2015 Q1",18
"Norte","CS CANASVIEIRAS",384,"2015 Q1",23
"Norte","CS JURERE",390,"2015 Q1",89
"Continente","CS MONTE CRISTO",40,"2015 Q1",35
"Norte","CS CACHOEIRA BOM JESUS",400,"2015 Q1",6
"Norte","CS CACHOEIRA BOM JESUS",401,"2015 Q1",4
"Continente","CS MONTE CRISTO",41,"2015 Q1",53
"Norte","CS VARGEM GRANDE",410,"2015 Q1",55
"Continente","CS MONTE CRISTO",42,"2015 Q1",26
"Norte","CS RIO VERMELHO",420,"2015 Q1",50
"Norte","CS RIO VERMELHO",421,"2015 Q1",81
"Norte","CS RIO VERMELHO",422,"2015 Q1",44
"Norte","CS RIO VERMELHO",423,"2015 Q1",45
"Norte","CS RIO VERMELHO",424,"2015 Q1",24
"Continente","CS MONTE CRISTO",43,"2015 Q1",25
"Norte","CS INGLESES",431,"2015 Q1",28
"Norte","CS INGLESES",432,"2015 Q1",40
"Norte","CS INGLESES",433,"2015 Q1",34
"Norte","CS INGLESES",434,"2015 Q1",25
"Norte","CS INGLESES",435,"2015 Q1",32
"Norte","CS INGLESES",436,"2015 Q1",29
"Norte","CS INGLESES",437,"2015 Q1",2
"Norte","CS INGLESES",438,"2015 Q1",8
"Continente","CS MONTE CRISTO",44,"2015 Q1",41
"Norte","CS BARRA DA LAGOA",440,"2015 Q1",30
"Norte","CS BARRA DA LAGOA",441,"2015 Q1",56
"Norte","CS BARRA DA LAGOA",442,"2015 Q1",10
"Continente","CS MONTE CRISTO",45,"2015 Q1",35
"Sul","CS CANTO DA LAGOA",450,"2015 Q1",23
"Continente","CS MONTE CRISTO",46,"2015 Q1",22
"Sul","CS COSTA DA LAGOA",460,"2015 Q1",0
"Sul","CS LAGOA DA CONCEIÇÃO",470,"2015 Q1",7
"Sul","CS LAGOA DA CONCEIÇÃO",471,"2015 Q1",2
"Sul","CS LAGOA DA CONCEIÇÃO",472,"2015 Q1",1
"Continente","CS ABRAÃO",570,"2015 Q1",7
"Continente","CS ABRAÃO",571,"2015 Q1",7
"Continente","CS ABRAÃO",572,"2015 Q1",6
"Continente","CS CAPOEIRAS",60,"2015 Q1",13
"Continente","CS COQUEIROS",600,"2015 Q1",43
"Continente","CS COQUEIROS",601,"2015 Q1",55
"Continente","CS COQUEIROS",602,"2015 Q1",54
"Continente","CS CAPOEIRAS",61,"2015 Q1",26
"Continente","CS CAPOEIRAS",62,"2015 Q1",17
"Centro","CS AGRONÔMICA",690,"2015 Q1",45
"Centro","CS AGRONÔMICA",691,"2015 Q1",70
"Centro","CS AGRONÔMICA",692,"2015 Q1",23
"Centro","CS AGRONÔMICA",693,"2015 Q1",32
"Continente","CS COLONINHA",70,"2015 Q1",37
"Continente","CS COLONINHA",71,"2015 Q1",39
"Continente","CS COLONINHA",72,"2015 Q1",34
"Sul","CS FAZENDA DO RIO TAVARES",780,"2015 Q1",27
"Sul","CS FAZENDA DO RIO TAVARES",781,"2015 Q1",25
"Continente","CS ESTREITO",80,"2015 Q1",16
"Continente","CS ESTREITO",81,"2015 Q1",18
"Continente","CS ESTREITO",82,"2015 Q1",24
"Continente","CS ESTREITO",83,"2015 Q1",9
"Centro","CS TRINDADE",850,"2015 Q1",30
"Centro","CS TRINDADE",851,"2015 Q1",32
"Centro","CS TRINDADE",852,"2015 Q1",43
"Centro","CS TRINDADE",853,"2015 Q1",37
"Centro","CS TRINDADE",854,"2015 Q1",16
"Continente","CS VILA APARECIDA",90,"2015 Q1",2
"Continente","CS VILA APARECIDA",91,"2015 Q1",3
"Centro","CS CENTRO",950,"2015 Q1",27
"Centro","CS CENTRO",951,"2015 Q1",23
"Centro","CS CENTRO",952,"2015 Q1",20
"Norte","CS SANTINHO",980,"2015 Q1",33
"Norte","CS SANTINHO",981,"2015 Q1",36
"Continente","CS JARDIM ATLÂNTICO",10,"2015 Q2",32
"Continente","CS NOVO CONTINENTE",100,"2015 Q2",15
"Continente","CS NOVO CONTINENTE",101,"2015 Q2",27
"Continente","CS NOVO CONTINENTE",102,"2015 Q2",36
"Continente","CS NOVO CONTINENTE",103,"2015 Q2",14
"Continente","CS JARDIM ATLÂNTICO",11,"2015 Q2",16
"Centro","CS MONTE SERRAT",120,"2015 Q2",13
"Centro","CS MONTE SERRAT",121,"2015 Q2",15
"Centro","CS MONTE SERRAT",122,"2015 Q2",20
"Centro","CS PRAINHA",130,"2015 Q2",14
"Centro","CS PRAINHA",131,"2015 Q2",24
"Centro","CS PRAINHA",132,"2015 Q2",18
"Centro","CS PANTANAL",160,"2015 Q2",25
"Centro","CS PANTANAL",161,"2015 Q2",22
"Centro","CS CÓRREGO GRANDE",170,"2015 Q2",43
"Centro","CS CÓRREGO GRANDE",171,"2015 Q2",25
"Centro","CS CÓRREGO GRANDE",172,"2015 Q2",15
"Centro","CS ITACORUBI",190,"2015 Q2",23
"Centro","CS ITACORUBI",191,"2015 Q2",30
"Centro","CS ITACORUBI",192,"2015 Q2",29
"Centro","CS ITACORUBI",193,"2015 Q2",31
"Continente","CS BALNEÁRIO",20,"2015 Q2",44
"Sul","CS CAIEIRA BARRA DO SUL",200,"2015 Q2",4
"Continente","CS BALNEÁRIO",21,"2015 Q2",32
"Sul","CS ALTO RIBEIRÃO",210,"2015 Q2",5
"Sul","CS RIBEIRÃO DA ILHA",220,"2015 Q2",21
"Sul","CS PANTANO DO SUL",230,"2015 Q2",37
"Sul","CS ARMAÇÃO",240,"2015 Q2",22
"Sul","CS ARMAÇÃO",241,"2015 Q2",17
"Sul","CS ARMAÇÃO",242,"2015 Q2",4
"Sul","CS MORRO DAS PEDRAS",250,"2015 Q2",25
"Sul","CS MORRO DAS PEDRAS",251,"2015 Q2",22
"Sul","CS TAPERA",260,"2015 Q2",6
"Sul","CS TAPERA",261,"2015 Q2",2
"Sul","CS TAPERA",262,"2015 Q2",0
"Sul","CS TAPERA",263,"2015 Q2",3
"Sul","CS CARIANOS",270,"2015 Q2",36
"Sul","CS CARIANOS",271,"2015 Q2",35
"Sul","CS CARIANOS",272,"2015 Q2",3
"Sul","CS CAMPECHE",280,"2015 Q2",54
"Sul","CS CAMPECHE",281,"2015 Q2",22
"Sul","CS RIO TAVARES",290,"2015 Q2",13
"Sul","CS RIO TAVARES",291,"2015 Q2",8
"Sul","CS RIO TAVARES",292,"2015 Q2",2
"Sul","CS RIO TAVARES",293,"2015 Q2",1
"Continente","CS SAPE",30,"2015 Q2",16
"Sul","CS COSTEIRA DO PIRAJUBAÉ",300,"2015 Q2",14
"Sul","CS COSTEIRA DO PIRAJUBAÉ",301,"2015 Q2",17
"Sul","CS COSTEIRA DO PIRAJUBAÉ",302,"2015 Q2",15
"Continente","CS SAPE",31,"2015 Q2",17
"Centro","CS SACO DOS LIMÕES",310,"2015 Q2",3
"Centro","CS SACO DOS LIMÕES",311,"2015 Q2",6
"Centro","CS SACO DOS LIMÕES",312,"2015 Q2",7
"Centro","CS SACO DOS LIMÕES",313,"2015 Q2",1
"Centro","CS SACO DOS LIMÕES",314,"2015 Q2",0
"Centro","CS JOÃO PAULO",320,"2015 Q2",44
"Centro","CS JOÃO PAULO",321,"2015 Q2",33
"Norte","CS SACO GRANDE",330,"2015 Q2",2
"Norte","CS SACO GRANDE",331,"2015 Q2",7
"Norte","CS SACO GRANDE",332,"2015 Q2",6
"Norte","CS SACO GRANDE",333,"2015 Q2",4
"Norte","CS SACO GRANDE",334,"2015 Q2",9
"Norte","CS SACO GRANDE",335,"2015 Q2",9
"Norte","CS VARGEM PEQUENA",340,"2015 Q2",29
"Norte","CS RATONES",350,"2015 Q2",36
"Norte","CS RATONES",351,"2015 Q2",19
"Norte","CS SANTO ANTONIO LISBOA",360,"2015 Q2",72
"Norte","CS SANTO ANTONIO LISBOA",361,"2015 Q2",77
"Norte","CS PONTA DAS CANAS",370,"2015 Q2",51
"Norte","CS PONTA DAS CANAS",371,"2015 Q2",23
"Norte","CS CANASVIEIRAS",380,"2015 Q2",16
"Norte","CS CANASVIEIRAS",381,"2015 Q2",19
"Norte","CS CANASVIEIRAS",382,"2015 Q2",23
"Norte","CS CANASVIEIRAS",383,"2015 Q2",10
"Norte","CS CANASVIEIRAS",384,"2015 Q2",18
"Norte","CS JURERE",390,"2015 Q2",79
"Continente","CS MONTE CRISTO",40,"2015 Q2",27
"Norte","CS CACHOEIRA BOM JESUS",400,"2015 Q2",27
"Norte","CS CACHOEIRA BOM JESUS",401,"2015 Q2",17
"Continente","CS MONTE CRISTO",41,"2015 Q2",40
"Norte","CS VARGEM GRANDE",410,"2015 Q2",4
"Continente","CS MONTE CRISTO",42,"2015 Q2",11
"Norte","CS RIO VERMELHO",420,"2015 Q2",61
"Norte","CS RIO VERMELHO",421,"2015 Q2",55
"Norte","CS RIO VERMELHO",422,"2015 Q2",41
"Norte","CS RIO VERMELHO",423,"2015 Q2",46
"Norte","CS RIO VERMELHO",424,"2015 Q2",30
"Continente","CS MONTE CRISTO",43,"2015 Q2",27
"Norte","CS INGLESES",431,"2015 Q2",21
"Norte","CS INGLESES",432,"2015 Q2",24
"Norte","CS INGLESES",433,"2015 Q2",19
"Norte","CS INGLESES",434,"2015 Q2",17
"Norte","CS INGLESES",435,"2015 Q2",13
"Norte","CS INGLESES",436,"2015 Q2",32
"Norte","CS INGLESES",437,"2015 Q2",3
"Norte","CS INGLESES",438,"2015 Q2",3
"Continente","CS MONTE CRISTO",44,"2015 Q2",32
"Norte","CS BARRA DA LAGOA",440,"2015 Q2",22
"Norte","CS BARRA DA LAGOA",441,"2015 Q2",43
"Norte","CS BARRA DA LAGOA",442,"2015 Q2",11
"Continente","CS MONTE CRISTO",45,"2015 Q2",27
"Sul","CS CANTO DA LAGOA",450,"2015 Q2",34
"Continente","CS MONTE CRISTO",46,"2015 Q2",8
"Sul","CS COSTA DA LAGOA",460,"2015 Q2",7
"Sul","CS LAGOA DA CONCEIÇÃO",470,"2015 Q2",4
"Sul","CS LAGOA DA CONCEIÇÃO",471,"2015 Q2",1
"Sul","CS LAGOA DA CONCEIÇÃO",472,"2015 Q2",2
"Continente","CS ABRAÃO",570,"2015 Q2",6
"Continente","CS ABRAÃO",571,"2015 Q2",18
"Continente","CS ABRAÃO",572,"2015 Q2",12
"Continente","CS CAPOEIRAS",60,"2015 Q2",23
"Continente","CS COQUEIROS",600,"2015 Q2",37
"Continente","CS COQUEIROS",601,"2015 Q2",22
"Continente","CS COQUEIROS",602,"2015 Q2",22
"Continente","CS CAPOEIRAS",61,"2015 Q2",16
"Continente","CS CAPOEIRAS",62,"2015 Q2",16
"Centro","CS AGRONÔMICA",690,"2015 Q2",43
"Centro","CS AGRONÔMICA",691,"2015 Q2",21
"Centro","CS AGRONÔMICA",692,"2015 Q2",24
"Centro","CS AGRONÔMICA",693,"2015 Q2",17
"Continente","CS COLONINHA",70,"2015 Q2",43
"Continente","CS COLONINHA",71,"2015 Q2",31
"Continente","CS COLONINHA",72,"2015 Q2",47
"Sul","CS FAZENDA DO RIO TAVARES",780,"2015 Q2",32
"Sul","CS FAZENDA DO RIO TAVARES",781,"2015 Q2",44
"Continente","CS ESTREITO",80,"2015 Q2",19
"Continente","CS ESTREITO",81,"2015 Q2",31
"Continente","CS ESTREITO",82,"2015 Q2",19
"Continente","CS ESTREITO",83,"2015 Q2",35
"Centro","CS TRINDADE",850,"2015 Q2",29
"Centro","CS TRINDADE",851,"2015 Q2",30
"Centro","CS TRINDADE",852,"2015 Q2",27
"Centro","CS TRINDADE",853,"2015 Q2",21
"Centro","CS TRINDADE",854,"2015 Q2",25
"Continente","CS VILA APARECIDA",90,"2015 Q2",19
"Continente","CS VILA APARECIDA",91,"2015 Q2",14
"Centro","CS CENTRO",950,"2015 Q2",31
"Centro","CS CENTRO",951,"2015 Q2",12
"Centro","CS CENTRO",952,"2015 Q2",13
"Norte","CS SANTINHO",980,"2015 Q2",49
"Norte","CS SANTINHO",981,"2015 Q2",51
"Continente","CS JARDIM ATLÂNTICO",10,"2015 Q3",30
"Continente","CS NOVO CONTINENTE",100,"2015 Q3",23
"Continente","CS NOVO CONTINENTE",101,"2015 Q3",16
"Continente","CS NOVO CONTINENTE",102,"2015 Q3",63
"Continente","CS NOVO CONTINENTE",103,"2015 Q3",17
"Continente","CS JARDIM ATLÂNTICO",11,"2015 Q3",21
"Centro","CS MONTE SERRAT",120,"2015 Q3",21
"Centro","CS MONTE SERRAT",121,"2015 Q3",21
"Centro","CS MONTE SERRAT",122,"2015 Q3",27
"Centro","CS PRAINHA",130,"2015 Q3",33
"Centro","CS PRAINHA",131,"2015 Q3",19
"Centro","CS PRAINHA",132,"2015 Q3",56
"Centro","CS PANTANAL",160,"2015 Q3",23
"Centro","CS PANTANAL",161,"2015 Q3",22
"Centro","CS CÓRREGO GRANDE",170,"2015 Q3",60
"Centro","CS CÓRREGO GRANDE",171,"2015 Q3",47
"Centro","CS CÓRREGO GRANDE",172,"2015 Q3",24
"Centro","CS ITACORUBI",190,"2015 Q3",40
"Centro","CS ITACORUBI",191,"2015 Q3",45
"Centro","CS ITACORUBI",192,"2015 Q3",64
"Centro","CS ITACORUBI",193,"2015 Q3",31
"Continente","CS BALNEÁRIO",20,"2015 Q3",48
"Sul","CS CAIEIRA BARRA DO SUL",200,"2015 Q3",11
"Continente","CS BALNEÁRIO",21,"2015 Q3",44
"Sul","CS ALTO RIBEIRÃO",210,"2015 Q3",11
"Sul","CS RIBEIRÃO DA ILHA",220,"2015 Q3",33
"Sul","CS PANTANO DO SUL",230,"2015 Q3",35
"Sul","CS ARMAÇÃO",240,"2015 Q3",10
"Sul","CS ARMAÇÃO",241,"2015 Q3",19
"Sul","CS ARMAÇÃO",242,"2015 Q3",5
"Sul","CS MORRO DAS PEDRAS",250,"2015 Q3",28
"Sul","CS MORRO DAS PEDRAS",251,"2015 Q3",61
"Sul","CS TAPERA",260,"2015 Q3",2
"Sul","CS TAPERA",261,"2015 Q3",7
"Sul","CS TAPERA",262,"2015 Q3",3
"Sul","CS TAPERA",263,"2015 Q3",7
"Sul","CS CARIANOS",270,"2015 Q3",40
"Sul","CS CARIANOS",271,"2015 Q3",65
"Sul","CS CARIANOS",272,"2015 Q3",6
"Sul","CS CAMPECHE",280,"2015 Q3",44
"Sul","CS CAMPECHE",281,"2015 Q3",21
"Sul","CS RIO TAVARES",290,"2015 Q3",17
"Sul","CS RIO TAVARES",291,"2015 Q3",8
"Sul","CS RIO TAVARES",292,"2015 Q3",2
"Sul","CS RIO TAVARES",293,"2015 Q3",1
"Continente","CS SAPE",30,"2015 Q3",16
"Sul","CS COSTEIRA DO PIRAJUBAÉ",300,"2015 Q3",34
"Sul","CS COSTEIRA DO PIRAJUBAÉ",301,"2015 Q3",26
"Sul","CS COSTEIRA DO PIRAJUBAÉ",302,"2015 Q3",26
"Continente","CS SAPE",31,"2015 Q3",16
"Centro","CS SACO DOS LIMÕES",310,"2015 Q3",1
"Centro","CS SACO DOS LIMÕES",311,"2015 Q3",3
"Centro","CS SACO DOS LIMÕES",312,"2015 Q3",7
"Centro","CS SACO DOS LIMÕES",313,"2015 Q3",0
"Centro","CS SACO DOS LIMÕES",314,"2015 Q3",1
"Centro","CS JOÃO PAULO",320,"2015 Q3",32
"Centro","CS JOÃO PAULO",321,"2015 Q3",30
"Norte","CS SACO GRANDE",330,"2015 Q3",10
"Norte","CS SACO GRANDE",331,"2015 Q3",12
"Norte","CS SACO GRANDE",332,"2015 Q3",11
"Norte","CS SACO GRANDE",333,"2015 Q3",10
"Norte","CS SACO GRANDE",334,"2015 Q3",5
"Norte","CS SACO GRANDE",335,"2015 Q3",8
"Norte","CS VARGEM PEQUENA",340,"2015 Q3",28
"Norte","CS RATONES",350,"2015 Q3",28
"Norte","CS RATONES",351,"2015 Q3",11
"Norte","CS SANTO ANTONIO LISBOA",360,"2015 Q3",123
"Norte","CS SANTO ANTONIO LISBOA",361,"2015 Q3",84
"Norte","CS PONTA DAS CANAS",370,"2015 Q3",65
"Norte","CS PONTA DAS CANAS",371,"2015 Q3",35
"Norte","CS CANASVIEIRAS",380,"2015 Q3",27
"Norte","CS CANASVIEIRAS",381,"2015 Q3",34
"Norte","CS CANASVIEIRAS",382,"2015 Q3",20
"Norte","CS CANASVIEIRAS",383,"2015 Q3",28
"Norte","CS CANASVIEIRAS",384,"2015 Q3",35
"Norte","CS JURERE",390,"2015 Q3",88
"Continente","CS MONTE CRISTO",40,"2015 Q3",16
"Norte","CS CACHOEIRA BOM JESUS",400,"2015 Q3",58
"Norte","CS CACHOEIRA BOM JESUS",401,"2015 Q3",33
"Continente","CS MONTE CRISTO",41,"2015 Q3",41
"Norte","CS VARGEM GRANDE",410,"2015 Q3",4
"Continente","CS MONTE CRISTO",42,"2015 Q3",16
"Norte","CS RIO VERMELHO",420,"2015 Q3",81
"Norte","CS RIO VERMELHO",421,"2015 Q3",64
"Norte","CS RIO VERMELHO",422,"2015 Q3",43
"Norte","CS RIO VERMELHO",423,"2015 Q3",56
"Norte","CS RIO VERMELHO",424,"2015 Q3",35
"Continente","CS MONTE CRISTO",43,"2015 Q3",21
"Norte","CS INGLESES",431,"2015 Q3",16
"Norte","CS INGLESES",432,"2015 Q3",39
"Norte","CS INGLESES",433,"2015 Q3",26
"Norte","CS INGLESES",434,"2015 Q3",24
"Norte","CS INGLESES",435,"2015 Q3",35
"Norte","CS INGLESES",436,"2015 Q3",44
"Norte","CS INGLESES",437,"2015 Q3",10
"Norte","CS INGLESES",438,"2015 Q3",8
"Continente","CS MONTE CRISTO",44,"2015 Q3",24
"Norte","CS BARRA DA LAGOA",440,"2015 Q3",61
"Norte","CS BARRA DA LAGOA",441,"2015 Q3",74
"Norte","CS BARRA DA LAGOA",442,"2015 Q3",17
"Continente","CS MONTE CRISTO",45,"2015 Q3",15
"Sul","CS CANTO DA LAGOA",450,"2015 Q3",39
"Continente","CS MONTE CRISTO",46,"2015 Q3",7
"Sul","CS COSTA DA LAGOA",460,"2015 Q3",23
"Sul","CS LAGOA DA CONCEIÇÃO",470,"2015 Q3",14
"Sul","CS LAGOA DA CONCEIÇÃO",471,"2015 Q3",11
"Sul","CS LAGOA DA CONCEIÇÃO",472,"2015 Q3",3
"Continente","CS ABRAÃO",570,"2015 Q3",12
"Continente","CS ABRAÃO",571,"2015 Q3",60
"Continente","CS ABRAÃO",572,"2015 Q3",15
"Continente","CS CAPOEIRAS",60,"2015 Q3",63
"Continente","CS COQUEIROS",600,"2015 Q3",42
"Continente","CS COQUEIROS",601,"2015 Q3",41
"Continente","CS COQUEIROS",602,"2015 Q3",40
"Continente","CS CAPOEIRAS",61,"2015 Q3",24
"Continente","CS CAPOEIRAS",62,"2015 Q3",29
"Centro","CS AGRONÔMICA",690,"2015 Q3",54
"Centro","CS AGRONÔMICA",691,"2015 Q3",51
"Centro","CS AGRONÔMICA",692,"2015 Q3",37
"Centro","CS AGRONÔMICA",693,"2015 Q3",35
"Continente","CS COLONINHA",70,"2015 Q3",50
"Continente","CS COLONINHA",71,"2015 Q3",47
"Continente","CS COLONINHA",72,"2015 Q3",58
"Sul","CS FAZENDA DO RIO TAVARES",780,"2015 Q3",53
"Sul","CS FAZENDA DO RIO TAVARES",781,"2015 Q3",58
"Continente","CS ESTREITO",80,"2015 Q3",58
"Continente","CS ESTREITO",81,"2015 Q3",48
"Continente","CS ESTREITO",82,"2015 Q3",38
"Continente","CS ESTREITO",83,"2015 Q3",39
"Centro","CS TRINDADE",850,"2015 Q3",46
"Centro","CS TRINDADE",851,"2015 Q3",31
"Centro","CS TRINDADE",852,"2015 Q3",39
"Centro","CS TRINDADE",853,"2015 Q3",21
"Centro","CS TRINDADE",854,"2015 Q3",17
"Continente","CS VILA APARECIDA",90,"2015 Q3",6
"Continente","CS VILA APARECIDA",91,"2015 Q3",4
"Centro","CS CENTRO",950,"2015 Q3",42
"Centro","CS CENTRO",951,"2015 Q3",20
"Centro","CS CENTRO",952,"2015 Q3",22
"Norte","CS SANTINHO",980,"2015 Q3",52
"Norte","CS SANTINHO",981,"2015 Q3",57
"Continente","CS JARDIM ATLÂNTICO",10,"2015 Q4",16
"Continente","CS NOVO CONTINENTE",100,"2015 Q4",15
"Continente","CS NOVO CONTINENTE",101,"2015 Q4",11
"Continente","CS NOVO CONTINENTE",102,"2015 Q4",29
"Continente","CS NOVO CONTINENTE",103,"2015 Q4",3
"Continente","CS JARDIM ATLÂNTICO",11,"2015 Q4",14
"Centro","CS MONTE SERRAT",120,"2015 Q4",16
"Centro","CS MONTE SERRAT",121,"2015 Q4",15
"Centro","CS MONTE SERRAT",122,"2015 Q4",16
"Centro","CS PRAINHA",130,"2015 Q4",3
"Centro","CS PRAINHA",131,"2015 Q4",8
"Centro","CS PRAINHA",132,"2015 Q4",14
"Centro","CS PANTANAL",160,"2015 Q4",40
"Centro","CS PANTANAL",161,"2015 Q4",57
"Centro","CS CÓRREGO GRANDE",170,"2015 Q4",58
"Centro","CS CÓRREGO GRANDE",171,"2015 Q4",23
"Centro","CS CÓRREGO GRANDE",172,"2015 Q4",27
"Centro","CS ITACORUBI",190,"2015 Q4",33
"Centro","CS ITACORUBI",191,"2015 Q4",49
"Centro","CS ITACORUBI",192,"2015 Q4",37
"Centro","CS ITACORUBI",193,"2015 Q4",27
"Continente","CS BALNEÁRIO",20,"2015 Q4",55
"Sul","CS CAIEIRA BARRA DO SUL",200,"2015 Q4",9
"Continente","CS BALNEÁRIO",21,"2015 Q4",53
"Sul","CS ALTO RIBEIRÃO",210,"2015 Q4",13
"Sul","CS RIBEIRÃO DA ILHA",220,"2015 Q4",38
"Sul","CS PANTANO DO SUL",230,"2015 Q4",27
"Sul","CS ARMAÇÃO",240,"2015 Q4",16
"Sul","CS ARMAÇÃO",241,"2015 Q4",13
"Sul","CS ARMAÇÃO",242,"2015 Q4",0
"Sul","CS MORRO DAS PEDRAS",250,"2015 Q4",21
"Sul","CS MORRO DAS PEDRAS",251,"2015 Q4",43
"Sul","CS TAPERA",260,"2015 Q4",8
"Sul","CS TAPERA",261,"2015 Q4",10
"Sul","CS TAPERA",262,"2015 Q4",13
"Sul","CS TAPERA",263,"2015 Q4",6
"Sul","CS CARIANOS",270,"2015 Q4",66
"Sul","CS CARIANOS",271,"2015 Q4",81
"Sul","CS CARIANOS",272,"2015 Q4",6
"Sul","CS CAMPECHE",280,"2015 Q4",28
"Sul","CS CAMPECHE",281,"2015 Q4",13
"Sul","CS RIO TAVARES",290,"2015 Q4",2
"Sul","CS RIO TAVARES",291,"2015 Q4",4
"Sul","CS RIO TAVARES",292,"2015 Q4",2
"Sul","CS RIO TAVARES",293,"2015 Q4",2
"Continente","CS SAPE",30,"2015 Q4",16
"Sul","CS COSTEIRA DO PIRAJUBAÉ",300,"2015 Q4",25
"Sul","CS COSTEIRA DO PIRAJUBAÉ",301,"2015 Q4",22
"Sul","CS COSTEIRA DO PIRAJUBAÉ",302,"2015 Q4",22
"Continente","CS SAPE",31,"2015 Q4",18
"Centro","CS SACO DOS LIMÕES",310,"2015 Q4",15
"Centro","CS SACO DOS LIMÕES",311,"2015 Q4",22
"Centro","CS SACO DOS LIMÕES",312,"2015 Q4",35
"Centro","CS SACO DOS LIMÕES",313,"2015 Q4",1
"Centro","CS SACO DOS LIMÕES",314,"2015 Q4",2
"Centro","CS JOÃO PAULO",320,"2015 Q4",39
"Centro","CS JOÃO PAULO",321,"2015 Q4",30
"Norte","CS SACO GRANDE",330,"2015 Q4",31
"Norte","CS SACO GRANDE",331,"2015 Q4",28
"Norte","CS SACO GRANDE",332,"2015 Q4",39
"Norte","CS SACO GRANDE",333,"2015 Q4",27
"Norte","CS SACO GRANDE",334,"2015 Q4",17
"Norte","CS SACO GRANDE",335,"2015 Q4",42
"Norte","CS VARGEM PEQUENA",340,"2015 Q4",26
"Norte","CS RATONES",350,"2015 Q4",20
"Norte","CS RATONES",351,"2015 Q4",10
"Norte","CS SANTO ANTONIO LISBOA",360,"2015 Q4",85
"Norte","CS SANTO ANTONIO LISBOA",361,"2015 Q4",56
"Norte","CS PONTA DAS CANAS",370,"2015 Q4",34
"Norte","CS PONTA DAS CANAS",371,"2015 Q4",13
"Norte","CS CANASVIEIRAS",380,"2015 Q4",28
"Norte","CS CANASVIEIRAS",381,"2015 Q4",22
"Norte","CS CANASVIEIRAS",382,"2015 Q4",24
"Norte","CS CANASVIEIRAS",383,"2015 Q4",23
"Norte","CS CANASVIEIRAS",384,"2015 Q4",33
"Norte","CS JURERE",390,"2015 Q4",68
"Continente","CS MONTE CRISTO",40,"2015 Q4",24
"Norte","CS CACHOEIRA BOM JESUS",400,"2015 Q4",34
"Norte","CS CACHOEIRA BOM JESUS",401,"2015 Q4",30
"Continente","CS MONTE CRISTO",41,"2015 Q4",23
"Norte","CS VARGEM GRANDE",410,"2015 Q4",1
"Continente","CS MONTE CRISTO",42,"2015 Q4",10
"Norte","CS RIO VERMELHO",420,"2015 Q4",61
"Norte","CS RIO VERMELHO",421,"2015 Q4",41
"Norte","CS RIO VERMELHO",422,"2015 Q4",34
"Norte","CS RIO VERMELHO",423,"2015 Q4",48
"Norte","CS RIO VERMELHO",424,"2015 Q4",22
"Continente","CS MONTE CRISTO",43,"2015 Q4",20
"Norte","CS INGLESES",431,"2015 Q4",29
"Norte","CS INGLESES",432,"2015 Q4",25
"Norte","CS INGLESES",433,"2015 Q4",28
"Norte","CS INGLESES",434,"2015 Q4",25
"Norte","CS INGLESES",435,"2015 Q4",33
"Norte","CS INGLESES",436,"2015 Q4",26
"Norte","CS INGLESES",437,"2015 Q4",2
"Norte","CS INGLESES",438,"2015 Q4",3
"Continente","CS MONTE CRISTO",44,"2015 Q4",13
"Norte","CS BARRA DA LAGOA",440,"2015 Q4",33
"Norte","CS BARRA DA LAGOA",441,"2015 Q4",40
"Norte","CS BARRA DA LAGOA",442,"2015 Q4",13
"Continente","CS MONTE CRISTO",45,"2015 Q4",12
"Sul","CS CANTO DA LAGOA",450,"2015 Q4",10
"Continente","CS MONTE CRISTO",46,"2015 Q4",2
"Sul","CS COSTA DA LAGOA",460,"2015 Q4",17
"Sul","CS LAGOA DA CONCEIÇÃO",470,"2015 Q4",29
"Sul","CS LAGOA DA CONCEIÇÃO",471,"2015 Q4",21
"Sul","CS LAGOA DA CONCEIÇÃO",472,"2015 Q4",20
"Continente","CS ABRAÃO",570,"2015 Q4",15
"Continente","CS ABRAÃO",571,"2015 Q4",33
"Continente","CS ABRAÃO",572,"2015 Q4",14
"Continente","CS CAPOEIRAS",60,"2015 Q4",18
"Continente","CS COQUEIROS",600,"2015 Q4",42
"Continente","CS COQUEIROS",601,"2015 Q4",55
"Continente","CS COQUEIROS",602,"2015 Q4",29
"Continente","CS CAPOEIRAS",61,"2015 Q4",33
"Continente","CS CAPOEIRAS",62,"2015 Q4",14
"Centro","CS AGRONÔMICA",690,"2015 Q4",68
"Centro","CS AGRONÔMICA",691,"2015 Q4",39
"Centro","CS AGRONÔMICA",692,"2015 Q4",41
"Centro","CS AGRONÔMICA",693,"2015 Q4",33
"Continente","CS COLONINHA",70,"2015 Q4",53
"Continente","CS COLONINHA",71,"2015 Q4",45
"Continente","CS COLONINHA",72,"2015 Q4",50
"Sul","CS FAZENDA DO RIO TAVARES",780,"2015 Q4",30
"Sul","CS FAZENDA DO RIO TAVARES",781,"2015 Q4",29
"Continente","CS ESTREITO",80,"2015 Q4",17
"Continente","CS ESTREITO",81,"2015 Q4",34
"Continente","CS ESTREITO",82,"2015 Q4",29
"Continente","CS ESTREITO",83,"2015 Q4",44
"Centro","CS TRINDADE",850,"2015 Q4",41
"Centro","CS TRINDADE",851,"2015 Q4",31
"Centro","CS TRINDADE",852,"2015 Q4",36
"Centro","CS TRINDADE",853,"2015 Q4",30
"Centro","CS TRINDADE",854,"2015 Q4",38
"Continente","CS VILA APARECIDA",90,"2015 Q4",14
"Continente","CS VILA APARECIDA",91,"2015 Q4",8
"Centro","CS CENTRO",950,"2015 Q4",21
"Centro","CS CENTRO",951,"2015 Q4",9
"Centro","CS CENTRO",952,"2015 Q4",16
"Norte","CS SANTINHO",980,"2015 Q4",36
"Norte","CS SANTINHO",981,"2015 Q4",53
"Continente","CS JARDIM ATLÂNTICO",10,"2016 Q1",39
"Continente","CS NOVO CONTINENTE",100,"2016 Q1",4
"Continente","CS NOVO CONTINENTE",101,"2016 Q1",6
"Continente","CS NOVO CONTINENTE",102,"2016 Q1",26
"Continente","CS NOVO CONTINENTE",103,"2016 Q1",5
"Continente","CS JARDIM ATLÂNTICO",11,"2016 Q1",39
"Centro","CS MONTE SERRAT",120,"2016 Q1",27
"Centro","CS MONTE SERRAT",121,"2016 Q1",16
"Centro","CS MONTE SERRAT",122,"2016 Q1",20
"Centro","CS PRAINHA",130,"2016 Q1",25
"Centro","CS PRAINHA",131,"2016 Q1",22
"Centro","CS PRAINHA",132,"2016 Q1",32
"Centro","CS PANTANAL",160,"2016 Q1",34
"Centro","CS PANTANAL",161,"2016 Q1",36
"Centro","CS CÓRREGO GRANDE",170,"2016 Q1",36
"Centro","CS CÓRREGO GRANDE",171,"2016 Q1",14
"Centro","CS CÓRREGO GRANDE",172,"2016 Q1",7
"Centro","CS ITACORUBI",190,"2016 Q1",45
"Centro","CS ITACORUBI",191,"2016 Q1",47
"Centro","CS ITACORUBI",192,"2016 Q1",44
"Centro","CS ITACORUBI",193,"2016 Q1",30
"Continente","CS BALNEÁRIO",20,"2016 Q1",40
"Sul","CS CAIEIRA BARRA DO SUL",200,"2016 Q1",10
"Continente","CS BALNEÁRIO",21,"2016 Q1",40
"Sul","CS ALTO RIBEIRÃO",210,"2016 Q1",9
"Sul","CS RIBEIRÃO DA ILHA",220,"2016 Q1",50
"Sul","CS PANTANO DO SUL",230,"2016 Q1",48
"Sul","CS ARMAÇÃO",240,"2016 Q1",17
"Sul","CS ARMAÇÃO",241,"2016 Q1",11
"Sul","CS ARMAÇÃO",242,"2016 Q1",2
"Sul","CS MORRO DAS PEDRAS",250,"2016 Q1",22
"Sul","CS MORRO DAS PEDRAS",251,"2016 Q1",41
"Sul","CS TAPERA",260,"2016 Q1",9
"Sul","CS TAPERA",261,"2016 Q1",16
"Sul","CS TAPERA",262,"2016 Q1",7
"Sul","CS TAPERA",263,"2016 Q1",12
"Sul","CS CARIANOS",270,"2016 Q1",51
"Sul","CS CARIANOS",271,"2016 Q1",55
"Sul","CS CARIANOS",272,"2016 Q1",3
"Sul","CS CAMPECHE",280,"2016 Q1",16
"Sul","CS CAMPECHE",281,"2016 Q1",11
"Sul","CS RIO TAVARES",290,"2016 Q1",6
"Sul","CS RIO TAVARES",291,"2016 Q1",8
"Sul","CS RIO TAVARES",292,"2016 Q1",4
"Sul","CS RIO TAVARES",293,"2016 Q1",1
"Continente","CS SAPE",30,"2016 Q1",13
"Sul","CS COSTEIRA DO PIRAJUBAÉ",300,"2016 Q1",22
"Sul","CS COSTEIRA DO PIRAJUBAÉ",301,"2016 Q1",30
"Sul","CS COSTEIRA DO PIRAJUBAÉ",302,"2016 Q1",17
"Continente","CS SAPE",31,"2016 Q1",21
"Centro","CS SACO DOS LIMÕES",310,"2016 Q1",16
"Centro","CS SACO DOS LIMÕES",311,"2016 Q1",18
"Centro","CS SACO DOS LIMÕES",312,"2016 Q1",43
"Centro","CS SACO DOS LIMÕES",313,"2016 Q1",6
"Centro","CS SACO DOS LIMÕES",314,"2016 Q1",1
"Centro","CS JOÃO PAULO",320,"2016 Q1",30
"Centro","CS JOÃO PAULO",321,"2016 Q1",44
"Norte","CS SACO GRANDE",330,"2016 Q1",37
"Norte","CS SACO GRANDE",331,"2016 Q1",28
"Norte","CS SACO GRANDE",332,"2016 Q1",33
"Norte","CS SACO GRANDE",333,"2016 Q1",34
"Norte","CS SACO GRANDE",334,"2016 Q1",17
"Norte","CS SACO GRANDE",335,"2016 Q1",28
"Norte","CS VARGEM PEQUENA",340,"2016 Q1",22
"Norte","CS RATONES",350,"2016 Q1",35
"Norte","CS RATONES",351,"2016 Q1",16
"Norte","CS SANTO ANTONIO LISBOA",360,"2016 Q1",56
"Norte","CS SANTO ANTONIO LISBOA",361,"2016 Q1",49
"Norte","CS PONTA DAS CANAS",370,"2016 Q1",26
"Norte","CS PONTA DAS CANAS",371,"2016 Q1",13
"Norte","CS CANASVIEIRAS",380,"2016 Q1",10
"Norte","CS CANASVIEIRAS",381,"2016 Q1",21
"Norte","CS CANASVIEIRAS",382,"2016 Q1",8
"Norte","CS CANASVIEIRAS",383,"2016 Q1",14
"Norte","CS CANASVIEIRAS",384,"2016 Q1",7
"Norte","CS JURERE",390,"2016 Q1",38
"Continente","CS MONTE CRISTO",40,"2016 Q1",15
"Norte","CS CACHOEIRA BOM JESUS",400,"2016 Q1",31
"Norte","CS CACHOEIRA BOM JESUS",401,"2016 Q1",17
"Continente","CS MONTE CRISTO",41,"2016 Q1",12
"Norte","CS VARGEM GRANDE",410,"2016 Q1",3
"Continente","CS MONTE CRISTO",42,"2016 Q1",11
"Norte","CS RIO VERMELHO",420,"2016 Q1",59
"Norte","CS RIO VERMELHO",421,"2016 Q1",42
"Norte","CS RIO VERMELHO",422,"2016 Q1",41
"Norte","CS RIO VERMELHO",423,"2016 Q1",54
"Norte","CS RIO VERMELHO",424,"2016 Q1",27
"Continente","CS MONTE CRISTO",43,"2016 Q1",8
"Norte","CS INGLESES",431,"2016 Q1",14
"Norte","CS INGLESES",432,"2016 Q1",25
"Norte","CS INGLESES",433,"2016 Q1",21
"Norte","CS INGLESES",434,"2016 Q1",20
"Norte","CS INGLESES",435,"2016 Q1",30
"Norte","CS INGLESES",436,"2016 Q1",27
"Norte","CS INGLESES",437,"2016 Q1",7
"Norte","CS INGLESES",438,"2016 Q1",3
"Continente","CS MONTE CRISTO",44,"2016 Q1",11
"Norte","CS BARRA DA LAGOA",440,"2016 Q1",24
"Norte","CS BARRA DA LAGOA",441,"2016 Q1",24
"Norte","CS BARRA DA LAGOA",442,"2016 Q1",8
"Continente","CS MONTE CRISTO",45,"2016 Q1",8
"Sul","CS CANTO DA LAGOA",450,"2016 Q1",0
"Continente","CS MONTE CRISTO",46,"2016 Q1",10
"Sul","CS COSTA DA LAGOA",460,"2016 Q1",11
"Sul","CS LAGOA DA CONCEIÇÃO",470,"2016 Q1",3
"Sul","CS LAGOA DA CONCEIÇÃO",471,"2016 Q1",1
"Sul","CS LAGOA DA CONCEIÇÃO",472,"2016 Q1",0
"Continente","CS ABRAÃO",570,"2016 Q1",5
"Continente","CS ABRAÃO",571,"2016 Q1",20
"Continente","CS ABRAÃO",572,"2016 Q1",16
"Continente","CS CAPOEIRAS",60,"2016 Q1",43
"Continente","CS COQUEIROS",600,"2016 Q1",29
"Continente","CS COQUEIROS",601,"2016 Q1",41
"Continente","CS COQUEIROS",602,"2016 Q1",28
"Continente","CS CAPOEIRAS",61,"2016 Q1",29
"Continente","CS CAPOEIRAS",62,"2016 Q1",30
"Centro","CS AGRONÔMICA",690,"2016 Q1",48
"Centro","CS AGRONÔMICA",691,"2016 Q1",43
"Centro","CS AGRONÔMICA",692,"2016 Q1",25
"Centro","CS AGRONÔMICA",693,"2016 Q1",16
"Continente","CS COLONINHA",70,"2016 Q1",64
"Continente","CS COLONINHA",71,"2016 Q1",41
"Continente","CS COLONINHA",72,"2016 Q1",52
"Sul","CS FAZENDA DO RIO TAVARES",780,"2016 Q1",24
"Sul","CS FAZENDA DO RIO TAVARES",781,"2016 Q1",52
"Continente","CS ESTREITO",80,"2016 Q1",29
"Continente","CS ESTREITO",81,"2016 Q1",23
"Continente","CS ESTREITO",82,"2016 Q1",32
"Continente","CS ESTREITO",83,"2016 Q1",65
"Centro","CS TRINDADE",850,"2016 Q1",33
"Centro","CS TRINDADE",851,"2016 Q1",45
"Centro","CS TRINDADE",852,"2016 Q1",58
"Centro","CS TRINDADE",853,"2016 Q1",25
"Centro","CS TRINDADE",854,"2016 Q1",23
"Continente","CS VILA APARECIDA",90,"2016 Q1",3
"Continente","CS VILA APARECIDA",91,"2016 Q1",4
"Centro","CS CENTRO",950,"2016 Q1",35
"Centro","CS CENTRO",951,"2016 Q1",17
"Centro","CS CENTRO",952,"2016 Q1",27
"Norte","CS SANTINHO",980,"2016 Q1",53
"Norte","CS SANTINHO",981,"2016 Q1",56
"Continente","CS JARDIM ATLÂNTICO",10,"2016 Q2",51
"Continente","CS NOVO CONTINENTE",100,"2016 Q2",33
"Continente","CS NOVO CONTINENTE",101,"2016 Q2",27
"Continente","CS NOVO CONTINENTE",102,"2016 Q2",51
"Continente","CS NOVO CONTINENTE",103,"2016 Q2",17
"Continente","CS JARDIM ATLÂNTICO",11,"2016 Q2",50
"Centro","CS MONTE SERRAT",120,"2016 Q2",22
"Centro","CS MONTE SERRAT",121,"2016 Q2",14
"Centro","CS MONTE SERRAT",122,"2016 Q2",24
"Centro","CS PRAINHA",130,"2016 Q2",20
"Centro","CS PRAINHA",131,"2016 Q2",23
"Centro","CS PRAINHA",132,"2016 Q2",34
"Centro","CS PANTANAL",160,"2016 Q2",23
"Centro","CS PANTANAL",161,"2016 Q2",17
"Centro","CS CÓRREGO GRANDE",170,"2016 Q2",83
"Centro","CS CÓRREGO GRANDE",171,"2016 Q2",46
"Centro","CS CÓRREGO GRANDE",172,"2016 Q2",16
"Centro","CS ITACORUBI",190,"2016 Q2",38
"Centro","CS ITACORUBI",191,"2016 Q2",48
"Centro","CS ITACORUBI",192,"2016 Q2",46
"Centro","CS ITACORUBI",193,"2016 Q2",31
"Continente","CS BALNEÁRIO",20,"2016 Q2",97
"Sul","CS CAIEIRA BARRA DO SUL",200,"2016 Q2",7
"Continente","CS BALNEÁRIO",21,"2016 Q2",58
"Sul","CS ALTO RIBEIRÃO",210,"2016 Q2",14
"Sul","CS RIBEIRÃO DA ILHA",220,"2016 Q2",41
"Sul","CS PANTANO DO SUL",230,"2016 Q2",38
"Sul","CS ARMAÇÃO",240,"2016 Q2",23
"Sul","CS ARMAÇÃO",241,"2016 Q2",29
"Sul","CS ARMAÇÃO",242,"2016 Q2",4
"Sul","CS MORRO DAS PEDRAS",250,"2016 Q2",44
"Sul","CS MORRO DAS PEDRAS",251,"2016 Q2",71
"Sul","CS TAPERA",260,"2016 Q2",25
"Sul","CS TAPERA",261,"2016 Q2",14
"Sul","CS TAPERA",262,"2016 Q2",12
"Sul","CS TAPERA",263,"2016 Q2",27
"Sul","CS CARIANOS",270,"2016 Q2",86
"Sul","CS CARIANOS",271,"2016 Q2",103
"Sul","CS CARIANOS",272,"2016 Q2",5
"Sul","CS CAMPECHE",280,"2016 Q2",23
"Sul","CS CAMPECHE",281,"2016 Q2",25
"Sul","CS RIO TAVARES",290,"2016 Q2",16
"Sul","CS RIO TAVARES",291,"2016 Q2",7
"Sul","CS RIO TAVARES",292,"2016 Q2",7
"Sul","CS RIO TAVARES",293,"2016 Q2",2
"Continente","CS SAPE",30,"2016 Q2",15
"Sul","CS COSTEIRA DO PIRAJUBAÉ",300,"2016 Q2",32
"Sul","CS COSTEIRA DO PIRAJUBAÉ",301,"2016 Q2",39
"Sul","CS COSTEIRA DO PIRAJUBAÉ",302,"2016 Q2",25
"Continente","CS SAPE",31,"2016 Q2",4
"Centro","CS SACO DOS LIMÕES",310,"2016 Q2",9
"Centro","CS SACO DOS LIMÕES",311,"2016 Q2",21
"Centro","CS SACO DOS LIMÕES",312,"2016 Q2",27
"Centro","CS SACO DOS LIMÕES",313,"2016 Q2",2
"Centro","CS SACO DOS LIMÕES",314,"2016 Q2",4
"Centro","CS JOÃO PAULO",320,"2016 Q2",17
"Centro","CS JOÃO PAULO",321,"2016 Q2",32
"Norte","CS SACO GRANDE",330,"2016 Q2",39
"Norte","CS SACO GRANDE",331,"2016 Q2",41
"Norte","CS SACO GRANDE",332,"2016 Q2",47
"Norte","CS SACO GRANDE",333,"2016 Q2",61
"Norte","CS SACO GRANDE",334,"2016 Q2",35
"Norte","CS SACO GRANDE",335,"2016 Q2",60
"Norte","CS VARGEM PEQUENA",340,"2016 Q2",31
"Norte","CS RATONES",350,"2016 Q2",41
"Norte","CS RATONES",351,"2016 Q2",20
"Norte","CS SANTO ANTONIO LISBOA",360,"2016 Q2",58
"Norte","CS SANTO ANTONIO LISBOA",361,"2016 Q2",52
"Norte","CS PONTA DAS CANAS",370,"2016 Q2",74
"Norte","CS PONTA DAS CANAS",371,"2016 Q2",40
"Norte","CS CANASVIEIRAS",380,"2016 Q2",40
"Norte","CS CANASVIEIRAS",381,"2016 Q2",31
"Norte","CS CANASVIEIRAS",382,"2016 Q2",25
"Norte","CS CANASVIEIRAS",383,"2016 Q2",25
"Norte","CS CANASVIEIRAS",384,"2016 Q2",41
"Norte","CS JURERE",390,"2016 Q2",62
"Continente","CS MONTE CRISTO",40,"2016 Q2",21
"Norte","CS CACHOEIRA BOM JESUS",400,"2016 Q2",33
"Norte","CS CACHOEIRA BOM JESUS",401,"2016 Q2",34
"Continente","CS MONTE CRISTO",41,"2016 Q2",29
"Norte","CS VARGEM GRANDE",410,"2016 Q2",12
"Continente","CS MONTE CRISTO",42,"2016 Q2",20
"Norte","CS RIO VERMELHO",420,"2016 Q2",44
"Norte","CS RIO VERMELHO",421,"2016 Q2",45
"Norte","CS RIO VERMELHO",422,"2016 Q2",50
"Norte","CS RIO VERMELHO",423,"2016 Q2",56
"Norte","CS RIO VERMELHO",424,"2016 Q2",32
"Continente","CS MONTE CRISTO",43,"2016 Q2",17
"Norte","CS INGLESES",431,"2016 Q2",48
"Norte","CS INGLESES",432,"2016 Q2",58
"Norte","CS INGLESES",433,"2016 Q2",62
"Norte","CS INGLESES",434,"2016 Q2",35
"Norte","CS INGLESES",435,"2016 Q2",55
"Norte","CS INGLESES",436,"2016 Q2",58
"Norte","CS INGLESES",437,"2016 Q2",19
"Norte","CS INGLESES",438,"2016 Q2",11
"Continente","CS MONTE CRISTO",44,"2016 Q2",28
"Norte","CS BARRA DA LAGOA",440,"2016 Q2",50
"Norte","CS BARRA DA LAGOA",441,"2016 Q2",47
"Norte","CS BARRA DA LAGOA",442,"2016 Q2",16
"Continente","CS MONTE CRISTO",45,"2016 Q2",21
"Sul","CS CANTO DA LAGOA",450,"2016 Q2",5
"Continente","CS MONTE CRISTO",46,"2016 Q2",7
"Sul","CS COSTA DA LAGOA",460,"2016 Q2",49
"Sul","CS LAGOA DA CONCEIÇÃO",470,"2016 Q2",18
"Sul","CS LAGOA DA CONCEIÇÃO",471,"2016 Q2",7
"Sul","CS LAGOA DA CONCEIÇÃO",472,"2016 Q2",8
"Continente","CS ABRAÃO",570,"2016 Q2",2
"Continente","CS ABRAÃO",571,"2016 Q2",12
"Continente","CS ABRAÃO",572,"2016 Q2",3
"Continente","CS CAPOEIRAS",60,"2016 Q2",39
"Continente","CS COQUEIROS",600,"2016 Q2",44
"Continente","CS COQUEIROS",601,"2016 Q2",39
"Continente","CS COQUEIROS",602,"2016 Q2",62
"Continente","CS CAPOEIRAS",61,"2016 Q2",35
"Continente","CS CAPOEIRAS",62,"2016 Q2",35
"Centro","CS AGRONÔMICA",690,"2016 Q2",71
"Centro","CS AGRONÔMICA",691,"2016 Q2",91
"Centro","CS AGRONÔMICA",692,"2016 Q2",53
"Centro","CS AGRONÔMICA",693,"2016 Q2",48
"Continente","CS COLONINHA",70,"2016 Q2",80
"Continente","CS COLONINHA",71,"2016 Q2",65
"Continente","CS COLONINHA",72,"2016 Q2",79
"Sul","CS FAZENDA DO RIO TAVARES",780,"2016 Q2",21
"Sul","CS FAZENDA DO RIO TAVARES",781,"2016 Q2",44
"Continente","CS ESTREITO",80,"2016 Q2",53
"Continente","CS ESTREITO",81,"2016 Q2",48
"Continente","CS ESTREITO",82,"2016 Q2",64
"Continente","CS ESTREITO",83,"2016 Q2",90
"Centro","CS TRINDADE",850,"2016 Q2",46
"Centro","CS TRINDADE",851,"2016 Q2",23
"Centro","CS TRINDADE",852,"2016 Q2",31
"Centro","CS TRINDADE",853,"2016 Q2",26
"Centro","CS TRINDADE",854,"2016 Q2",21
"Continente","CS VILA APARECIDA",90,"2016 Q2",2
"Continente","CS VILA APARECIDA",91,"2016 Q2",4
"Centro","CS CENTRO",950,"2016 Q2",33
"Centro","CS CENTRO",951,"2016 Q2",19
"Centro","CS CENTRO",952,"2016 Q2",25
"Norte","CS SANTINHO",980,"2016 Q2",80
"Norte","CS SANTINHO",981,"2016 Q2",45
"Continente","CS JARDIM ATLÂNTICO",10,"2016 Q3",41
"Continente","CS NOVO CONTINENTE",100,"2016 Q3",36
"Continente","CS NOVO CONTINENTE",101,"2016 Q3",26
"Continente","CS NOVO CONTINENTE",102,"2016 Q3",65
"Continente","CS NOVO CONTINENTE",103,"2016 Q3",20
"Continente","CS JARDIM ATLÂNTICO",11,"2016 Q3",35
"Centro","CS MONTE SERRAT",120,"2016 Q3",18
"Centro","CS MONTE SERRAT",121,"2016 Q3",18
"Centro","CS MONTE SERRAT",122,"2016 Q3",23
"Centro","CS PRAINHA",130,"2016 Q3",21
"Centro","CS PRAINHA",131,"2016 Q3",25
"Centro","CS PRAINHA",132,"2016 Q3",21
"Centro","CS PANTANAL",160,"2016 Q3",50
"Centro","CS PANTANAL",161,"2016 Q3",36
"Centro","CS CÓRREGO GRANDE",170,"2016 Q3",69
"Centro","CS CÓRREGO GRANDE",171,"2016 Q3",45
"Centro","CS CÓRREGO GRANDE",172,"2016 Q3",25
"Centro","CS ITACORUBI",190,"2016 Q3",82
"Centro","CS ITACORUBI",191,"2016 Q3",74
"Centro","CS ITACORUBI",192,"2016 Q3",58
"Centro","CS ITACORUBI",193,"2016 Q3",48
"Continente","CS BALNEÁRIO",20,"2016 Q3",77
"Sul","CS CAIEIRA BARRA DO SUL",200,"2016 Q3",14
"Continente","CS BALNEÁRIO",21,"2016 Q3",63
"Sul","CS ALTO RIBEIRÃO",210,"2016 Q3",50
"Sul","CS RIBEIRÃO DA ILHA",220,"2016 Q3",53
"Sul","CS PANTANO DO SUL",230,"2016 Q3",39
"Sul","CS ARMAÇÃO",240,"2016 Q3",48
"Sul","CS ARMAÇÃO",241,"2016 Q3",27
"Sul","CS ARMAÇÃO",242,"2016 Q3",6
"Sul","CS MORRO DAS PEDRAS",250,"2016 Q3",58
"Sul","CS MORRO DAS PEDRAS",251,"2016 Q3",92
"Sul","CS TAPERA",260,"2016 Q3",15
"Sul","CS TAPERA",261,"2016 Q3",30
"Sul","CS TAPERA",262,"2016 Q3",16
"Sul","CS TAPERA",263,"2016 Q3",31
"Sul","CS CARIANOS",270,"2016 Q3",67
"Sul","CS CARIANOS",271,"2016 Q3",100
"Sul","CS CARIANOS",272,"2016 Q3",17
"Sul","CS CAMPECHE",280,"2016 Q3",30
"Sul","CS CAMPECHE",281,"2016 Q3",14
"Sul","CS RIO TAVARES",290,"2016 Q3",13
"Sul","CS RIO TAVARES",291,"2016 Q3",9
"Sul","CS RIO TAVARES",292,"2016 Q3",2
"Sul","CS RIO TAVARES",293,"2016 Q3",0
"Continente","CS SAPE",30,"2016 Q3",18
"Sul","CS COSTEIRA DO PIRAJUBAÉ",300,"2016 Q3",30
"Sul","CS COSTEIRA DO PIRAJUBAÉ",301,"2016 Q3",37
"Sul","CS COSTEIRA DO PIRAJUBAÉ",302,"2016 Q3",29
"Continente","CS SAPE",31,"2016 Q3",12
"Centro","CS SACO DOS LIMÕES",310,"2016 Q3",21
"Centro","CS SACO DOS LIMÕES",311,"2016 Q3",17
"Centro","CS SACO DOS LIMÕES",312,"2016 Q3",25
"Centro","CS SACO DOS LIMÕES",313,"2016 Q3",6
"Centro","CS SACO DOS LIMÕES",314,"2016 Q3",1
"Centro","CS JOÃO PAULO",320,"2016 Q3",41
"Centro","CS JOÃO PAULO",321,"2016 Q3",54
"Norte","CS SACO GRANDE",330,"2016 Q3",37
"Norte","CS SACO GRANDE",331,"2016 Q3",21
"Norte","CS SACO GRANDE",332,"2016 Q3",15
"Norte","CS SACO GRANDE",333,"2016 Q3",50
"Norte","CS SACO GRANDE",334,"2016 Q3",32
"Norte","CS SACO GRANDE",335,"2016 Q3",46
"Norte","CS VARGEM PEQUENA",340,"2016 Q3",18
"Norte","CS RATONES",350,"2016 Q3",40
"Norte","CS RATONES",351,"2016 Q3",14
"Norte","CS SANTO ANTONIO LISBOA",360,"2016 Q3",78
"Norte","CS SANTO ANTONIO LISBOA",361,"2016 Q3",78
"Norte","CS PONTA DAS CANAS",370,"2016 Q3",45
"Norte","CS PONTA DAS CANAS",371,"2016 Q3",42
"Norte","CS CANASVIEIRAS",380,"2016 Q3",29
"Norte","CS CANASVIEIRAS",381,"2016 Q3",23
"Norte","CS CANASVIEIRAS",382,"2016 Q3",34
"Norte","CS CANASVIEIRAS",383,"2016 Q3",19
"Norte","CS CANASVIEIRAS",384,"2016 Q3",33
"Norte","CS JURERE",390,"2016 Q3",51
"Continente","CS MONTE CRISTO",40,"2016 Q3",23
"Norte","CS CACHOEIRA BOM JESUS",400,"2016 Q3",36
"Norte","CS CACHOEIRA BOM JESUS",401,"2016 Q3",29
"Continente","CS MONTE CRISTO",41,"2016 Q3",14
"Norte","CS VARGEM GRANDE",410,"2016 Q3",5
"Continente","CS MONTE CRISTO",42,"2016 Q3",9
"Norte","CS RIO VERMELHO",420,"2016 Q3",71
"Norte","CS RIO VERMELHO",421,"2016 Q3",56
"Norte","CS RIO VERMELHO",422,"2016 Q3",48
"Norte","CS RIO VERMELHO",423,"2016 Q3",66
"Norte","CS RIO VERMELHO",424,"2016 Q3",35
"Continente","CS MONTE CRISTO",43,"2016 Q3",16
"Norte","CS INGLESES",431,"2016 Q3",35
"Norte","CS INGLESES",432,"2016 Q3",50
"Norte","CS INGLESES",433,"2016 Q3",35
"Norte","CS INGLESES",434,"2016 Q3",27
"Norte","CS INGLESES",435,"2016 Q3",55
"Norte","CS INGLESES",436,"2016 Q3",51
"Norte","CS INGLESES",437,"2016 Q3",12
"Norte","CS INGLESES",438,"2016 Q3",9
"Continente","CS MONTE CRISTO",44,"2016 Q3",24
"Norte","CS BARRA DA LAGOA",440,"2016 Q3",44
"Norte","CS BARRA DA LAGOA",441,"2016 Q3",49
"Norte","CS BARRA DA LAGOA",442,"2016 Q3",22
"Continente","CS MONTE CRISTO",45,"2016 Q3",16
"Sul","CS CANTO DA LAGOA",450,"2016 Q3",5
"Continente","CS MONTE CRISTO",46,"2016 Q3",5
"Sul","CS COSTA DA LAGOA",460,"2016 Q3",16
"Sul","CS LAGOA DA CONCEIÇÃO",470,"2016 Q3",32
"Sul","CS LAGOA DA CONCEIÇÃO",471,"2016 Q3",12
"Sul","CS LAGOA DA CONCEIÇÃO",472,"2016 Q3",12
"Continente","CS ABRAÃO",570,"2016 Q3",15
"Continente","CS ABRAÃO",571,"2016 Q3",6
"Continente","CS ABRAÃO",572,"2016 Q3",2
"Continente","CS CAPOEIRAS",60,"2016 Q3",52
"Continente","CS COQUEIROS",600,"2016 Q3",26
"Continente","CS COQUEIROS",601,"2016 Q3",21
"Continente","CS COQUEIROS",602,"2016 Q3",26
"Continente","CS CAPOEIRAS",61,"2016 Q3",18
"Continente","CS CAPOEIRAS",62,"2016 Q3",32
"Centro","CS AGRONÔMICA",690,"2016 Q3",68
"Centro","CS AGRONÔMICA",691,"2016 Q3",77
"Centro","CS AGRONÔMICA",692,"2016 Q3",40
"Centro","CS AGRONÔMICA",693,"2016 Q3",25
"Continente","CS COLONINHA",70,"2016 Q3",53
"Continente","CS COLONINHA",71,"2016 Q3",37
"Continente","CS COLONINHA",72,"2016 Q3",42
"Sul","CS FAZENDA DO RIO TAVARES",780,"2016 Q3",41
"Sul","CS FAZENDA DO RIO TAVARES",781,"2016 Q3",61
"Continente","CS ESTREITO",80,"2016 Q3",30
"Continente","CS ESTREITO",81,"2016 Q3",13
"Continente","CS ESTREITO",82,"2016 Q3",34
"Continente","CS ESTREITO",83,"2016 Q3",18
"Centro","CS TRINDADE",850,"2016 Q3",40
"Centro","CS TRINDADE",851,"2016 Q3",34
"Centro","CS TRINDADE",852,"2016 Q3",36
"Centro","CS TRINDADE",853,"2016 Q3",26
"Centro","CS TRINDADE",854,"2016 Q3",18
"Continente","CS VILA APARECIDA",90,"2016 Q3",17
"Continente","CS VILA APARECIDA",91,"2016 Q3",16
"Centro","CS CENTRO",950,"2016 Q3",34
"Centro","CS CENTRO",951,"2016 Q3",36
"Centro","CS CENTRO",952,"2016 Q3",33
"Norte","CS SANTINHO",980,"2016 Q3",57
"Norte","CS SANTINHO",981,"2016 Q3",57
"Continente","CS JARDIM ATLÂNTICO",10,"2016 Q4",13
"Continente","CS NOVO CONTINENTE",100,"2016 Q4",31
"Continente","CS NOVO CONTINENTE",101,"2016 Q4",26
"Continente","CS NOVO CONTINENTE",102,"2016 Q4",49
"Continente","CS NOVO CONTINENTE",103,"2016 Q4",19
"Continente","CS JARDIM ATLÂNTICO",11,"2016 Q4",14
"Centro","CS MONTE SERRAT",120,"2016 Q4",15
"Centro","CS MONTE SERRAT",121,"2016 Q4",14
"Centro","CS MONTE SERRAT",122,"2016 Q4",18
"Centro","CS PRAINHA",130,"2016 Q4",13
"Centro","CS PRAINHA",131,"2016 Q4",19
"Centro","CS PRAINHA",132,"2016 Q4",25
"Centro","CS PANTANAL",160,"2016 Q4",39
"Centro","CS PANTANAL",161,"2016 Q4",28
"Centro","CS CÓRREGO GRANDE",170,"2016 Q4",46
"Centro","CS CÓRREGO GRANDE",171,"2016 Q4",43
"Centro","CS CÓRREGO GRANDE",172,"2016 Q4",16
"Centro","CS ITACORUBI",190,"2016 Q4",27
"Centro","CS ITACORUBI",191,"2016 Q4",48
"Centro","CS ITACORUBI",192,"2016 Q4",49
"Centro","CS ITACORUBI",193,"2016 Q4",41
"Continente","CS BALNEÁRIO",20,"2016 Q4",56
"Sul","CS CAIEIRA BARRA DO SUL",200,"2016 Q4",3
"Continente","CS BALNEÁRIO",21,"2016 Q4",60
"Sul","CS ALTO RIBEIRÃO",210,"2016 Q4",36
"Sul","CS RIBEIRÃO DA ILHA",220,"2016 Q4",47
"Sul","CS PANTANO DO SUL",230,"2016 Q4",12
"Sul","CS ARMAÇÃO",240,"2016 Q4",38
"Sul","CS ARMAÇÃO",241,"2016 Q4",30
"Sul","CS ARMAÇÃO",242,"2016 Q4",4
"Sul","CS MORRO DAS PEDRAS",250,"2016 Q4",34
"Sul","CS MORRO DAS PEDRAS",251,"2016 Q4",70
"Sul","CS TAPERA",260,"2016 Q4",20
"Sul","CS TAPERA",261,"2016 Q4",17
"Sul","CS TAPERA",262,"2016 Q4",23
"Sul","CS TAPERA",263,"2016 Q4",20
"Sul","CS CARIANOS",270,"2016 Q4",74
"Sul","CS CARIANOS",271,"2016 Q4",82
"Sul","CS CARIANOS",272,"2016 Q4",4
"Sul","CS CAMPECHE",280,"2016 Q4",46
"Sul","CS CAMPECHE",281,"2016 Q4",20
"Sul","CS RIO TAVARES",290,"2016 Q4",24
"Sul","CS RIO TAVARES",291,"2016 Q4",7
"Sul","CS RIO TAVARES",292,"2016 Q4",2
"Sul","CS RIO TAVARES",293,"2016 Q4",2
"Continente","CS SAPE",30,"2016 Q4",11
"Sul","CS COSTEIRA DO PIRAJUBAÉ",300,"2016 Q4",24
"Sul","CS COSTEIRA DO PIRAJUBAÉ",301,"2016 Q4",27
"Sul","CS COSTEIRA DO PIRAJUBAÉ",302,"2016 Q4",19
"Continente","CS SAPE",31,"2016 Q4",9
"Centro","CS SACO DOS LIMÕES",310,"2016 Q4",17
"Centro","CS SACO DOS LIMÕES",311,"2016 Q4",18
"Centro","CS SACO DOS LIMÕES",312,"2016 Q4",33
"Centro","CS SACO DOS LIMÕES",313,"2016 Q4",4
"Centro","CS SACO DOS LIMÕES",314,"2016 Q4",2
"Centro","CS JOÃO PAULO",320,"2016 Q4",30
"Centro","CS JOÃO PAULO",321,"2016 Q4",39
"Norte","CS SACO GRANDE",330,"2016 Q4",31
"Norte","CS SACO GRANDE",331,"2016 Q4",6
"Norte","CS SACO GRANDE",332,"2016 Q4",18
"Norte","CS SACO GRANDE",333,"2016 Q4",23
"Norte","CS SACO GRANDE",334,"2016 Q4",21
"Norte","CS SACO GRANDE",335,"2016 Q4",18
"Norte","CS VARGEM PEQUENA",340,"2016 Q4",12
"Norte","CS RATONES",350,"2016 Q4",38
"Norte","CS RATONES",351,"2016 Q4",31
"Norte","CS SANTO ANTONIO LISBOA",360,"2016 Q4",62
"Norte","CS SANTO ANTONIO LISBOA",361,"2016 Q4",19
"Norte","CS PONTA DAS CANAS",370,"2016 Q4",42
"Norte","CS PONTA DAS CANAS",371,"2016 Q4",32
"Norte","CS CANASVIEIRAS",380,"2016 Q4",25
"Norte","CS CANASVIEIRAS",381,"2016 Q4",24
"Norte","CS CANASVIEIRAS",382,"2016 Q4",28
"Norte","CS CANASVIEIRAS",383,"2016 Q4",22
"Norte","CS CANASVIEIRAS",384,"2016 Q4",24
"Norte","CS JURERE",390,"2016 Q4",49
"Continente","CS MONTE CRISTO",40,"2016 Q4",3
"Norte","CS CACHOEIRA BOM JESUS",400,"2016 Q4",47
"Norte","CS CACHOEIRA BOM JESUS",401,"2016 Q4",28
"Continente","CS MONTE CRISTO",41,"2016 Q4",7
"Norte","CS VARGEM GRANDE",410,"2016 Q4",6
"Continente","CS MONTE CRISTO",42,"2016 Q4",2
"Norte","CS RIO VERMELHO",420,"2016 Q4",55
"Norte","CS RIO VERMELHO",421,"2016 Q4",45
"Norte","CS RIO VERMELHO",422,"2016 Q4",60
"Norte","CS RIO VERMELHO",423,"2016 Q4",65
"Norte","CS RIO VERMELHO",424,"2016 Q4",30
"Continente","CS MONTE CRISTO",43,"2016 Q4",3
"Norte","CS INGLESES",431,"2016 Q4",70
"Norte","CS INGLESES",432,"2016 Q4",39
"Norte","CS INGLESES",433,"2016 Q4",33
"Norte","CS INGLESES",434,"2016 Q4",69
"Norte","CS INGLESES",435,"2016 Q4",37
"Norte","CS INGLESES",436,"2016 Q4",48
"Norte","CS INGLESES",437,"2016 Q4",32
"Norte","CS INGLESES",438,"2016 Q4",27
"Continente","CS MONTE CRISTO",44,"2016 Q4",1
"Norte","CS BARRA DA LAGOA",440,"2016 Q4",30
"Norte","CS BARRA DA LAGOA",441,"2016 Q4",28
"Norte","CS BARRA DA LAGOA",442,"2016 Q4",8
"Continente","CS MONTE CRISTO",45,"2016 Q4",1
"Sul","CS CANTO DA LAGOA",450,"2016 Q4",9
"Continente","CS MONTE CRISTO",46,"2016 Q4",1
"Sul","CS COSTA DA LAGOA",460,"2016 Q4",1
"Sul","CS LAGOA DA CONCEIÇÃO",470,"2016 Q4",31
"Sul","CS LAGOA DA CONCEIÇÃO",471,"2016 Q4",12
"Sul","CS LAGOA DA CONCEIÇÃO",472,"2016 Q4",11
"Continente","CS ABRAÃO",570,"2016 Q4",11
"Continente","CS ABRAÃO",571,"2016 Q4",8
"Continente","CS ABRAÃO",572,"2016 Q4",2
"Continente","CS CAPOEIRAS",60,"2016 Q4",23
"Continente","CS COQUEIROS",600,"2016 Q4",45
"Continente","CS COQUEIROS",601,"2016 Q4",21
"Continente","CS COQUEIROS",602,"2016 Q4",28
"Continente","CS CAPOEIRAS",61,"2016 Q4",32
"Continente","CS CAPOEIRAS",62,"2016 Q4",22
"Centro","CS AGRONÔMICA",690,"2016 Q4",72
"Centro","CS AGRONÔMICA",691,"2016 Q4",66
"Centro","CS AGRONÔMICA",692,"2016 Q4",43
"Centro","CS AGRONÔMICA",693,"2016 Q4",55
"Continente","CS COLONINHA",70,"2016 Q4",48
"Continente","CS COLONINHA",71,"2016 Q4",48
"Continente","CS COLONINHA",72,"2016 Q4",51
"Sul","CS FAZENDA DO RIO TAVARES",780,"2016 Q4",37
"Sul","CS FAZENDA DO RIO TAVARES",781,"2016 Q4",51
"Continente","CS ESTREITO",80,"2016 Q4",46
"Continente","CS ESTREITO",81,"2016 Q4",69
"Continente","CS ESTREITO",82,"2016 Q4",37
"Continente","CS ESTREITO",83,"2016 Q4",42
"Centro","CS TRINDADE",850,"2016 Q4",38
"Centro","CS TRINDADE",851,"2016 Q4",18
"Centro","CS TRINDADE",852,"2016 Q4",15
"Centro","CS TRINDADE",853,"2016 Q4",17
"Centro","CS TRINDADE",854,"2016 Q4",21
"Continente","CS VILA APARECIDA",90,"2016 Q4",23
"Continente","CS VILA APARECIDA",91,"2016 Q4",23
"Centro","CS CENTRO",950,"2016 Q4",29
"Centro","CS CENTRO",951,"2016 Q4",7
"Centro","CS CENTRO",952,"2016 Q4",12
"Norte","CS SANTINHO",980,"2016 Q4",47
"Norte","CS SANTINHO",981,"2016 Q4",38
"Continente","CS JARDIM ATLÂNTICO",10,"2017 Q1",18
"Continente","CS NOVO CONTINENTE",100,"2017 Q1",16
"Continente","CS NOVO CONTINENTE",101,"2017 Q1",10
"Continente","CS NOVO CONTINENTE",102,"2017 Q1",5
"Continente","CS NOVO CONTINENTE",103,"2017 Q1",11
"Continente","CS JARDIM ATLÂNTICO",11,"2017 Q1",15
"Centro","CS MONTE SERRAT",120,"2017 Q1",4
"Centro","CS MONTE SERRAT",121,"2017 Q1",1
"Centro","CS MONTE SERRAT",122,"2017 Q1",4
"Centro","CS PRAINHA",130,"2017 Q1",13
"Centro","CS PRAINHA",131,"2017 Q1",15
"Centro","CS PRAINHA",132,"2017 Q1",23
"Centro","CS PANTANAL",160,"2017 Q1",28
"Centro","CS PANTANAL",161,"2017 Q1",18
"Centro","CS CÓRREGO GRANDE",170,"2017 Q1",35
"Centro","CS CÓRREGO GRANDE",171,"2017 Q1",23
"Centro","CS CÓRREGO GRANDE",172,"2017 Q1",11
"Centro","CS ITACORUBI",190,"2017 Q1",44
"Centro","CS ITACORUBI",191,"2017 Q1",37
"Centro","CS ITACORUBI",192,"2017 Q1",28
"Centro","CS ITACORUBI",193,"2017 Q1",15
"Continente","CS BALNEÁRIO",20,"2017 Q1",41
"Sul","CS CAIEIRA BARRA DO SUL",200,"2017 Q1",5
"Continente","CS BALNEÁRIO",21,"2017 Q1",12
"Sul","CS ALTO RIBEIRÃO",210,"2017 Q1",21
"Sul","CS RIBEIRÃO DA ILHA",220,"2017 Q1",38
"Sul","CS PANTANO DO SUL",230,"2017 Q1",28
"Sul","CS ARMAÇÃO",240,"2017 Q1",35
"Sul","CS ARMAÇÃO",241,"2017 Q1",18
"Sul","CS ARMAÇÃO",242,"2017 Q1",2
"Sul","CS MORRO DAS PEDRAS",250,"2017 Q1",21
"Sul","CS MORRO DAS PEDRAS",251,"2017 Q1",37
"Sul","CS TAPERA",260,"2017 Q1",3
"Sul","CS TAPERA",261,"2017 Q1",2
"Sul","CS TAPERA",262,"2017 Q1",0
"Sul","CS TAPERA",263,"2017 Q1",4
"Sul","CS CARIANOS",270,"2017 Q1",32
"Sul","CS CARIANOS",271,"2017 Q1",46
"Sul","CS CARIANOS",272,"2017 Q1",5
"Sul","CS CAMPECHE",280,"2017 Q1",12
"Sul","CS CAMPECHE",281,"2017 Q1",5
"Sul","CS RIO TAVARES",290,"2017 Q1",3
"Sul","CS RIO TAVARES",291,"2017 Q1",0
"Sul","CS RIO TAVARES",292,"2017 Q1",1
"Sul","CS RIO TAVARES",293,"2017 Q1",0
"Continente","CS SAPE",30,"2017 Q1",4
"Sul","CS COSTEIRA DO PIRAJUBAÉ",300,"2017 Q1",19
"Sul","CS COSTEIRA DO PIRAJUBAÉ",301,"2017 Q1",23
"Sul","CS COSTEIRA DO PIRAJUBAÉ",302,"2017 Q1",21
"Continente","CS SAPE",31,"2017 Q1",0
"Centro","CS SACO DOS LIMÕES",310,"2017 Q1",19
"Centro","CS SACO DOS LIMÕES",311,"2017 Q1",21
"Centro","CS SACO DOS LIMÕES",312,"2017 Q1",26
"Centro","CS SACO DOS LIMÕES",313,"2017 Q1",4
"Centro","CS SACO DOS LIMÕES",314,"2017 Q1",4
"Centro","CS JOÃO PAULO",320,"2017 Q1",24
"Centro","CS JOÃO PAULO",321,"2017 Q1",14
"Norte","CS SACO GRANDE",330,"2017 Q1",19
"Norte","CS SACO GRANDE",331,"2017 Q1",14
"Norte","CS SACO GRANDE",332,"2017 Q1",14
"Norte","CS SACO GRANDE",333,"2017 Q1",42
"Norte","CS SACO GRANDE",334,"2017 Q1",17
"Norte","CS SACO GRANDE",335,"2017 Q1",20
"Norte","CS VARGEM PEQUENA",340,"2017 Q1",37
"Norte","CS RATONES",350,"2017 Q1",24
"Norte","CS RATONES",351,"2017 Q1",12
"Norte","CS SANTO ANTONIO LISBOA",360,"2017 Q1",44
"Norte","CS SANTO ANTONIO LISBOA",361,"2017 Q1",9
"Norte","CS PONTA DAS CANAS",370,"2017 Q1",10
"Norte","CS PONTA DAS CANAS",371,"2017 Q1",4
"Norte","CS CANASVIEIRAS",380,"2017 Q1",4
"Norte","CS CANASVIEIRAS",381,"2017 Q1",9
"Norte","CS CANASVIEIRAS",382,"2017 Q1",7
"Norte","CS CANASVIEIRAS",383,"2017 Q1",2
"Norte","CS CANASVIEIRAS",384,"2017 Q1",10
"Norte","CS JURERE",390,"2017 Q1",40
"Continente","CS MONTE CRISTO",40,"2017 Q1",1
"Norte","CS CACHOEIRA BOM JESUS",400,"2017 Q1",25
"Norte","CS CACHOEIRA BOM JESUS",401,"2017 Q1",19
"Continente","CS MONTE CRISTO",41,"2017 Q1",0
"Norte","CS VARGEM GRANDE",410,"2017 Q1",1
"Continente","CS MONTE CRISTO",42,"2017 Q1",3
"Norte","CS RIO VERMELHO",420,"2017 Q1",67
"Norte","CS RIO VERMELHO",421,"2017 Q1",33
"Norte","CS RIO VERMELHO",422,"2017 Q1",40
"Norte","CS RIO VERMELHO",423,"2017 Q1",42
"Norte","CS RIO VERMELHO",424,"2017 Q1",24
"Continente","CS MONTE CRISTO",43,"2017 Q1",1
"Norte","CS INGLESES",431,"2017 Q1",55
"Norte","CS INGLESES",432,"2017 Q1",32
"Norte","CS INGLESES",433,"2017 Q1",18
"Norte","CS INGLESES",434,"2017 Q1",59
"Norte","CS INGLESES",435,"2017 Q1",54
"Norte","CS INGLESES",436,"2017 Q1",17
"Norte","CS INGLESES",437,"2017 Q1",24
"Norte","CS INGLESES",438,"2017 Q1",23
"Continente","CS MONTE CRISTO",44,"2017 Q1",1
"Norte","CS BARRA DA LAGOA",440,"2017 Q1",22
"Norte","CS BARRA DA LAGOA",441,"2017 Q1",30
"Norte","CS BARRA DA LAGOA",442,"2017 Q1",15
"Continente","CS MONTE CRISTO",45,"2017 Q1",2
"Sul","CS CANTO DA LAGOA",450,"2017 Q1",5
"Continente","CS MONTE CRISTO",46,"2017 Q1",0
"Sul","CS COSTA DA LAGOA",460,"2017 Q1",3
"Sul","CS LAGOA DA CONCEIÇÃO",470,"2017 Q1",17
"Sul","CS LAGOA DA CONCEIÇÃO",471,"2017 Q1",7
"Sul","CS LAGOA DA CONCEIÇÃO",472,"2017 Q1",10
"Continente","CS ABRAÃO",570,"2017 Q1",2
"Continente","CS ABRAÃO",571,"2017 Q1",0
"Continente","CS ABRAÃO",572,"2017 Q1",2
"Continente","CS CAPOEIRAS",60,"2017 Q1",20
"Continente","CS COQUEIROS",600,"2017 Q1",17
"Continente","CS COQUEIROS",601,"2017 Q1",16
"Continente","CS COQUEIROS",602,"2017 Q1",20
"Continente","CS CAPOEIRAS",61,"2017 Q1",22
"Continente","CS CAPOEIRAS",62,"2017 Q1",11
"Centro","CS AGRONÔMICA",690,"2017 Q1",33
"Centro","CS AGRONÔMICA",691,"2017 Q1",35
"Centro","CS AGRONÔMICA",692,"2017 Q1",35
"Centro","CS AGRONÔMICA",693,"2017 Q1",33
"Continente","CS COLONINHA",70,"2017 Q1",32
"Continente","CS COLONINHA",71,"2017 Q1",39
"Continente","CS COLONINHA",72,"2017 Q1",24
"Sul","CS FAZENDA DO RIO TAVARES",780,"2017 Q1",13
"Sul","CS FAZENDA DO RIO TAVARES",781,"2017 Q1",7
"Continente","CS ESTREITO",80,"2017 Q1",32
"Continente","CS ESTREITO",81,"2017 Q1",18
"Continente","CS ESTREITO",82,"2017 Q1",17
"Continente","CS ESTREITO",83,"2017 Q1",52
"Centro","CS TRINDADE",850,"2017 Q1",7
"Centro","CS TRINDADE",851,"2017 Q1",1
"Centro","CS TRINDADE",852,"2017 Q1",7
"Centro","CS TRINDADE",853,"2017 Q1",3
"Centro","CS TRINDADE",854,"2017 Q1",5
"Continente","CS VILA APARECIDA",90,"2017 Q1",13
"Continente","CS VILA APARECIDA",91,"2017 Q1",8
"Centro","CS CENTRO",950,"2017 Q1",34
"Centro","CS CENTRO",951,"2017 Q1",22
"Centro","CS CENTRO",952,"2017 Q1",24
"Norte","CS SANTINHO",980,"2017 Q1",34
"Norte","CS SANTINHO",981,"2017 Q1",41
"Continente","CS JARDIM ATLÂNTICO",10,"2017 Q2",64
"Continente","CS NOVO CONTINENTE",100,"2017 Q2",50
"Continente","CS NOVO CONTINENTE",101,"2017 Q2",28
"Continente","CS NOVO CONTINENTE",102,"2017 Q2",51
"Continente","CS NOVO CONTINENTE",103,"2017 Q2",35
"Continente","CS JARDIM ATLÂNTICO",11,"2017 Q2",50
"Centro","CS MONTE SERRAT",120,"2017 Q2",6
"Centro","CS MONTE SERRAT",121,"2017 Q2",8
"Centro","CS MONTE SERRAT",122,"2017 Q2",6
"Centro","CS PRAINHA",130,"2017 Q2",30
"Centro","CS PRAINHA",131,"2017 Q2",15
"Centro","CS PRAINHA",132,"2017 Q2",42
"Centro","CS PANTANAL",160,"2017 Q2",35
"Centro","CS PANTANAL",161,"2017 Q2",22
"Centro","CS CÓRREGO GRANDE",170,"2017 Q2",71
"Centro","CS CÓRREGO GRANDE",171,"2017 Q2",52
"Centro","CS CÓRREGO GRANDE",172,"2017 Q2",31
"Centro","CS ITACORUBI",190,"2017 Q2",33
"Centro","CS ITACORUBI",191,"2017 Q2",34
"Centro","CS ITACORUBI",192,"2017 Q2",40
"Centro","CS ITACORUBI",193,"2017 Q2",36
"Continente","CS BALNEÁRIO",20,"2017 Q2",55
"Sul","CS CAIEIRA BARRA DO SUL",200,"2017 Q2",4
"Continente","CS BALNEÁRIO",21,"2017 Q2",78
"Sul","CS ALTO RIBEIRÃO",210,"2017 Q2",81
"Sul","CS RIBEIRÃO DA ILHA",220,"2017 Q2",34
"Sul","CS PANTANO DO SUL",230,"2017 Q2",22
"Sul","CS ARMAÇÃO",240,"2017 Q2",44
"Sul","CS ARMAÇÃO",241,"2017 Q2",19
"Sul","CS ARMAÇÃO",242,"2017 Q2",6
"Sul","CS MORRO DAS PEDRAS",250,"2017 Q2",60
"Sul","CS MORRO DAS PEDRAS",251,"2017 Q2",76
"Sul","CS TAPERA",260,"2017 Q2",36
"Sul","CS TAPERA",261,"2017 Q2",17
"Sul","CS TAPERA",262,"2017 Q2",15
"Sul","CS TAPERA",263,"2017 Q2",34
"Sul","CS CARIANOS",270,"2017 Q2",85
"Sul","CS CARIANOS",271,"2017 Q2",89
"Sul","CS CARIANOS",272,"2017 Q2",11
"Sul","CS CAMPECHE",280,"2017 Q2",41
"Sul","CS CAMPECHE",281,"2017 Q2",30
"Sul","CS RIO TAVARES",290,"2017 Q2",20
"Sul","CS RIO TAVARES",291,"2017 Q2",8
"Sul","CS RIO TAVARES",292,"2017 Q2",9
"Sul","CS RIO TAVARES",293,"2017 Q2",2
"Continente","CS SAPE",30,"2017 Q2",29
"Sul","CS COSTEIRA DO PIRAJUBAÉ",300,"2017 Q2",48
"Sul","CS COSTEIRA DO PIRAJUBAÉ",301,"2017 Q2",49
"Sul","CS COSTEIRA DO PIRAJUBAÉ",302,"2017 Q2",36
"Continente","CS SAPE",31,"2017 Q2",20
"Centro","CS SACO DOS LIMÕES",310,"2017 Q2",20
"Centro","CS SACO DOS LIMÕES",311,"2017 Q2",46
"Centro","CS SACO DOS LIMÕES",312,"2017 Q2",57
"Centro","CS SACO DOS LIMÕES",313,"2017 Q2",7
"Centro","CS SACO DOS LIMÕES",314,"2017 Q2",6
"Centro","CS JOÃO PAULO",320,"2017 Q2",39
"Centro","CS JOÃO PAULO",321,"2017 Q2",60
"Norte","CS SACO GRANDE",330,"2017 Q2",47
"Norte","CS SACO GRANDE",331,"2017 Q2",80
"Norte","CS SACO GRANDE",332,"2017 Q2",41
"Norte","CS SACO GRANDE",333,"2017 Q2",80
"Norte","CS SACO GRANDE",334,"2017 Q2",32
"Norte","CS SACO GRANDE",335,"2017 Q2",39
"Norte","CS VARGEM PEQUENA",340,"2017 Q2",71
"Norte","CS RATONES",350,"2017 Q2",27
"Norte","CS RATONES",351,"2017 Q2",18
"Norte","CS SANTO ANTONIO LISBOA",360,"2017 Q2",92
"Norte","CS SANTO ANTONIO LISBOA",361,"2017 Q2",34
"Norte","CS PONTA DAS CANAS",370,"2017 Q2",53
"Norte","CS PONTA DAS CANAS",371,"2017 Q2",31
"Norte","CS CANASVIEIRAS",380,"2017 Q2",31
"Norte","CS CANASVIEIRAS",381,"2017 Q2",27
"Norte","CS CANASVIEIRAS",382,"2017 Q2",24
"Norte","CS CANASVIEIRAS",383,"2017 Q2",19
"Norte","CS CANASVIEIRAS",384,"2017 Q2",24
"Norte","CS JURERE",390,"2017 Q2",84
"Continente","CS MONTE CRISTO",40,"2017 Q2",19
"Norte","CS CACHOEIRA BOM JESUS",400,"2017 Q2",68
"Norte","CS CACHOEIRA BOM JESUS",401,"2017 Q2",39
"Continente","CS MONTE CRISTO",41,"2017 Q2",25
"Norte","CS VARGEM GRANDE",410,"2017 Q2",31
"Continente","CS MONTE CRISTO",42,"2017 Q2",19
"Norte","CS RIO VERMELHO",420,"2017 Q2",54
"Norte","CS RIO VERMELHO",421,"2017 Q2",46
"Norte","CS RIO VERMELHO",422,"2017 Q2",49
"Norte","CS RIO VERMELHO",423,"2017 Q2",56
"Norte","CS RIO VERMELHO",424,"2017 Q2",33
"Continente","CS MONTE CRISTO",43,"2017 Q2",19
"Norte","CS INGLESES",431,"2017 Q2",57
"Norte","CS INGLESES",432,"2017 Q2",57
"Norte","CS INGLESES",433,"2017 Q2",40
"Norte","CS INGLESES",434,"2017 Q2",68
"Norte","CS INGLESES",435,"2017 Q2",52
"Norte","CS INGLESES",436,"2017 Q2",31
"Norte","CS INGLESES",437,"2017 Q2",19
"Norte","CS INGLESES",438,"2017 Q2",17
"Continente","CS MONTE CRISTO",44,"2017 Q2",27
"Norte","CS BARRA DA LAGOA",440,"2017 Q2",51
"Norte","CS BARRA DA LAGOA",441,"2017 Q2",27
"Norte","CS BARRA DA LAGOA",442,"2017 Q2",22
"Continente","CS MONTE CRISTO",45,"2017 Q2",14
"Sul","CS CANTO DA LAGOA",450,"2017 Q2",20
"Continente","CS MONTE CRISTO",46,"2017 Q2",4
"Sul","CS COSTA DA LAGOA",460,"2017 Q2",2
"Sul","CS LAGOA DA CONCEIÇÃO",470,"2017 Q2",30
"Sul","CS LAGOA DA CONCEIÇÃO",471,"2017 Q2",18
"Sul","CS LAGOA DA CONCEIÇÃO",472,"2017 Q2",17
"Continente","CS ABRAÃO",570,"2017 Q2",8
"Continente","CS ABRAÃO",571,"2017 Q2",22
"Continente","CS ABRAÃO",572,"2017 Q2",7
"Continente","CS CAPOEIRAS",60,"2017 Q2",41
"Continente","CS COQUEIROS",600,"2017 Q2",23
"Continente","CS COQUEIROS",601,"2017 Q2",66
"Continente","CS COQUEIROS",602,"2017 Q2",67
"Continente","CS CAPOEIRAS",61,"2017 Q2",44
"Continente","CS CAPOEIRAS",62,"2017 Q2",38
"Centro","CS AGRONÔMICA",690,"2017 Q2",107
"Centro","CS AGRONÔMICA",691,"2017 Q2",79
"Centro","CS AGRONÔMICA",692,"2017 Q2",58
"Centro","CS AGRONÔMICA",693,"2017 Q2",65
"Continente","CS COLONINHA",70,"2017 Q2",83
"Continente","CS COLONINHA",71,"2017 Q2",47
"Continente","CS COLONINHA",72,"2017 Q2",117
"Sul","CS FAZENDA DO RIO TAVARES",780,"2017 Q2",17
"Sul","CS FAZENDA DO RIO TAVARES",781,"2017 Q2",34
"Continente","CS ESTREITO",80,"2017 Q2",68
"Continente","CS ESTREITO",81,"2017 Q2",63
"Continente","CS ESTREITO",82,"2017 Q2",36
"Continente","CS ESTREITO",83,"2017 Q2",83
"Centro","CS TRINDADE",850,"2017 Q2",56
"Centro","CS TRINDADE",851,"2017 Q2",25
"Centro","CS TRINDADE",852,"2017 Q2",32
"Centro","CS TRINDADE",853,"2017 Q2",25
"Centro","CS TRINDADE",854,"2017 Q2",11
"Continente","CS VILA APARECIDA",90,"2017 Q2",17
"Continente","CS VILA APARECIDA",91,"2017 Q2",16
"Centro","CS CENTRO",950,"2017 Q2",37
"Centro","CS CENTRO",951,"2017 Q2",13
"Centro","CS CENTRO",952,"2017 Q2",18
"Norte","CS SANTINHO",980,"2017 Q2",46
"Norte","CS SANTINHO",981,"2017 Q2",51
"Continente","CS JARDIM ATLÂNTICO",10,"2017 Q3",80
"Continente","CS NOVO CONTINENTE",100,"2017 Q3",54
"Continente","CS NOVO CONTINENTE",101,"2017 Q3",28
"Continente","CS NOVO CONTINENTE",102,"2017 Q3",80
"Continente","CS NOVO CONTINENTE",103,"2017 Q3",28
"Continente","CS JARDIM ATLÂNTICO",11,"2017 Q3",67
"Centro","CS MONTE SERRAT",120,"2017 Q3",8
"Centro","CS MONTE SERRAT",121,"2017 Q3",10
"Centro","CS MONTE SERRAT",122,"2017 Q3",12
"Centro","CS PRAINHA",130,"2017 Q3",29
"Centro","CS PRAINHA",131,"2017 Q3",33
"Centro","CS PRAINHA",132,"2017 Q3",55
"Centro","CS PANTANAL",160,"2017 Q3",67
"Centro","CS PANTANAL",161,"2017 Q3",53
"Centro","CS CÓRREGO GRANDE",170,"2017 Q3",52
"Centro","CS CÓRREGO GRANDE",171,"2017 Q3",33
"Centro","CS CÓRREGO GRANDE",172,"2017 Q3",14
"Centro","CS ITACORUBI",190,"2017 Q3",50
"Centro","CS ITACORUBI",191,"2017 Q3",43
"Centro","CS ITACORUBI",192,"2017 Q3",44
"Centro","CS ITACORUBI",193,"2017 Q3",29
"Continente","CS BALNEÁRIO",20,"2017 Q3",48
"Sul","CS CAIEIRA BARRA DO SUL",200,"2017 Q3",8
"Continente","CS BALNEÁRIO",21,"2017 Q3",110
"Sul","CS ALTO RIBEIRÃO",210,"2017 Q3",65
"Sul","CS RIBEIRÃO DA ILHA",220,"2017 Q3",52
"Sul","CS PANTANO DO SUL",230,"2017 Q3",22
"Sul","CS ARMAÇÃO",240,"2017 Q3",35
"Sul","CS ARMAÇÃO",241,"2017 Q3",24
"Sul","CS ARMAÇÃO",242,"2017 Q3",12
"Sul","CS MORRO DAS PEDRAS",250,"2017 Q3",44
"Sul","CS MORRO DAS PEDRAS",251,"2017 Q3",65
"Sul","CS TAPERA",260,"2017 Q3",21
"Sul","CS TAPERA",261,"2017 Q3",21
"Sul","CS TAPERA",262,"2017 Q3",32
"Sul","CS TAPERA",263,"2017 Q3",24
"Sul","CS CARIANOS",270,"2017 Q3",66
"Sul","CS CARIANOS",271,"2017 Q3",122
"Sul","CS CARIANOS",272,"2017 Q3",5
"Sul","CS CAMPECHE",280,"2017 Q3",48
"Sul","CS CAMPECHE",281,"2017 Q3",24
"Sul","CS RIO TAVARES",290,"2017 Q3",30
"Sul","CS RIO TAVARES",291,"2017 Q3",12
"Sul","CS RIO TAVARES",292,"2017 Q3",9
"Sul","CS RIO TAVARES",293,"2017 Q3",3
"Continente","CS SAPE",30,"2017 Q3",27
"Sul","CS COSTEIRA DO PIRAJUBAÉ",300,"2017 Q3",45
"Sul","CS COSTEIRA DO PIRAJUBAÉ",301,"2017 Q3",41
"Sul","CS COSTEIRA DO PIRAJUBAÉ",302,"2017 Q3",37
"Continente","CS SAPE",31,"2017 Q3",27
"Centro","CS SACO DOS LIMÕES",310,"2017 Q3",43
"Centro","CS SACO DOS LIMÕES",311,"2017 Q3",34
"Centro","CS SACO DOS LIMÕES",312,"2017 Q3",68
"Centro","CS SACO DOS LIMÕES",313,"2017 Q3",9
"Centro","CS SACO DOS LIMÕES",314,"2017 Q3",4
"Centro","CS JOÃO PAULO",320,"2017 Q3",52
"Centro","CS JOÃO PAULO",321,"2017 Q3",19
"Norte","CS SACO GRANDE",330,"2017 Q3",54
"Norte","CS SACO GRANDE",331,"2017 Q3",94
"Norte","CS SACO GRANDE",332,"2017 Q3",73
"Norte","CS SACO GRANDE",333,"2017 Q3",107
"Norte","CS SACO GRANDE",334,"2017 Q3",36
"Norte","CS SACO GRANDE",335,"2017 Q3",106
"Norte","CS VARGEM PEQUENA",340,"2017 Q3",82
"Norte","CS RATONES",350,"2017 Q3",32
"Norte","CS RATONES",351,"2017 Q3",18
"Norte","CS SANTO ANTONIO LISBOA",360,"2017 Q3",81
"Norte","CS SANTO ANTONIO LISBOA",361,"2017 Q3",20
"Norte","CS PONTA DAS CANAS",370,"2017 Q3",59
"Norte","CS PONTA DAS CANAS",371,"2017 Q3",34
"Norte","CS CANASVIEIRAS",380,"2017 Q3",43
"Norte","CS CANASVIEIRAS",381,"2017 Q3",51
"Norte","CS CANASVIEIRAS",382,"2017 Q3",35
"Norte","CS CANASVIEIRAS",383,"2017 Q3",28
"Norte","CS CANASVIEIRAS",384,"2017 Q3",42
"Norte","CS JURERE",390,"2017 Q3",92
"Continente","CS MONTE CRISTO",40,"2017 Q3",21
"Norte","CS CACHOEIRA BOM JESUS",400,"2017 Q3",50
"Norte","CS CACHOEIRA BOM JESUS",401,"2017 Q3",57
"Continente","CS MONTE CRISTO",41,"2017 Q3",25
"Norte","CS VARGEM GRANDE",410,"2017 Q3",7
"Continente","CS MONTE CRISTO",42,"2017 Q3",14
"Norte","CS RIO VERMELHO",420,"2017 Q3",69
"Norte","CS RIO VERMELHO",421,"2017 Q3",56
"Norte","CS RIO VERMELHO",422,"2017 Q3",56
"Norte","CS RIO VERMELHO",423,"2017 Q3",66
"Norte","CS RIO VERMELHO",424,"2017 Q3",33
"Continente","CS MONTE CRISTO",43,"2017 Q3",15
"Norte","CS INGLESES",431,"2017 Q3",91
"Norte","CS INGLESES",432,"2017 Q3",50
"Norte","CS INGLESES",433,"2017 Q3",33
"Norte","CS INGLESES",434,"2017 Q3",71
"Norte","CS INGLESES",435,"2017 Q3",63
"Norte","CS INGLESES",436,"2017 Q3",52
"Norte","CS INGLESES",437,"2017 Q3",32
"Norte","CS INGLESES",438,"2017 Q3",20
"Continente","CS MONTE CRISTO",44,"2017 Q3",30
"Norte","CS BARRA DA LAGOA",440,"2017 Q3",32
"Norte","CS BARRA DA LAGOA",441,"2017 Q3",28
"Norte","CS BARRA DA LAGOA",442,"2017 Q3",15
"Continente","CS MONTE CRISTO",45,"2017 Q3",20
"Sul","CS CANTO DA LAGOA",450,"2017 Q3",43
"Continente","CS MONTE CRISTO",46,"2017 Q3",4
"Sul","CS COSTA DA LAGOA",460,"2017 Q3",1
"Sul","CS LAGOA DA CONCEIÇÃO",470,"2017 Q3",24
"Sul","CS LAGOA DA CONCEIÇÃO",471,"2017 Q3",22
"Sul","CS LAGOA DA CONCEIÇÃO",472,"2017 Q3",17
"Continente","CS ABRAÃO",570,"2017 Q3",5
"Continente","CS ABRAÃO",571,"2017 Q3",49
"Continente","CS ABRAÃO",572,"2017 Q3",18
"Continente","CS CAPOEIRAS",60,"2017 Q3",43
"Continente","CS COQUEIROS",600,"2017 Q3",9
"Continente","CS COQUEIROS",601,"2017 Q3",57
"Continente","CS COQUEIROS",602,"2017 Q3",54
"Continente","CS CAPOEIRAS",61,"2017 Q3",34
"Continente","CS CAPOEIRAS",62,"2017 Q3",26
"Centro","CS AGRONÔMICA",690,"2017 Q3",59
"Centro","CS AGRONÔMICA",691,"2017 Q3",90
"Centro","CS AGRONÔMICA",692,"2017 Q3",58
"Centro","CS AGRONÔMICA",693,"2017 Q3",46
"Continente","CS COLONINHA",70,"2017 Q3",90
"Continente","CS COLONINHA",71,"2017 Q3",93
"Continente","CS COLONINHA",72,"2017 Q3",94
"Sul","CS FAZENDA DO RIO TAVARES",780,"2017 Q3",51
"Sul","CS FAZENDA DO RIO TAVARES",781,"2017 Q3",65
"Continente","CS ESTREITO",80,"2017 Q3",52
"Continente","CS ESTREITO",81,"2017 Q3",11
"Continente","CS ESTREITO",82,"2017 Q3",45
"Continente","CS ESTREITO",83,"2017 Q3",60
"Centro","CS TRINDADE",850,"2017 Q3",37
"Centro","CS TRINDADE",851,"2017 Q3",48
"Centro","CS TRINDADE",852,"2017 Q3",40
"Centro","CS TRINDADE",853,"2017 Q3",40
"Centro","CS TRINDADE",854,"2017 Q3",23
"Continente","CS VILA APARECIDA",90,"2017 Q3",33
"Continente","CS VILA APARECIDA",91,"2017 Q3",19
"Centro","CS CENTRO",950,"2017 Q3",50
"Centro","CS CENTRO",951,"2017 Q3",16
"Centro","CS CENTRO",952,"2017 Q3",38
"Norte","CS SANTINHO",980,"2017 Q3",69
"Norte","CS SANTINHO",981,"2017 Q3",72
"Continente","CS JARDIM ATLÂNTICO",10,"2017 Q4",64
"Continente","CS NOVO CONTINENTE",100,"2017 Q4",23
"Continente","CS NOVO CONTINENTE",101,"2017 Q4",22
"Continente","CS NOVO CONTINENTE",102,"2017 Q4",85
"Continente","CS NOVO CONTINENTE",103,"2017 Q4",9
"Continente","CS JARDIM ATLÂNTICO",11,"2017 Q4",50
"Centro","CS MONTE SERRAT",120,"2017 Q4",10
"Centro","CS MONTE SERRAT",121,"2017 Q4",6
"Centro","CS MONTE SERRAT",122,"2017 Q4",8
"Centro","CS PRAINHA",130,"2017 Q4",35
"Centro","CS PRAINHA",131,"2017 Q4",24
"Centro","CS PRAINHA",132,"2017 Q4",41
"Centro","CS PANTANAL",160,"2017 Q4",38
"Centro","CS PANTANAL",161,"2017 Q4",43
"Centro","CS CÓRREGO GRANDE",170,"2017 Q4",50
"Centro","CS CÓRREGO GRANDE",171,"2017 Q4",41
"Centro","CS CÓRREGO GRANDE",172,"2017 Q4",23
"Centro","CS ITACORUBI",190,"2017 Q4",32
"Centro","CS ITACORUBI",191,"2017 Q4",40
"Centro","CS ITACORUBI",192,"2017 Q4",32
"Centro","CS ITACORUBI",193,"2017 Q4",17
"Continente","CS BALNEÁRIO",20,"2017 Q4",84
"Sul","CS CAIEIRA BARRA DO SUL",200,"2017 Q4",6
"Continente","CS BALNEÁRIO",21,"2017 Q4",54
"Sul","CS ALTO RIBEIRÃO",210,"2017 Q4",44
"Sul","CS RIBEIRÃO DA ILHA",220,"2017 Q4",52
"Sul","CS PANTANO DO SUL",230,"2017 Q4",32
"Sul","CS ARMAÇÃO",240,"2017 Q4",48
"Sul","CS ARMAÇÃO",241,"2017 Q4",23
"Sul","CS ARMAÇÃO",242,"2017 Q4",5
"Sul","CS MORRO DAS PEDRAS",250,"2017 Q4",41
"Sul","CS MORRO DAS PEDRAS",251,"2017 Q4",50
"Sul","CS TAPERA",260,"2017 Q4",12
"Sul","CS TAPERA",261,"2017 Q4",10
"Sul","CS TAPERA",262,"2017 Q4",28
"Sul","CS TAPERA",263,"2017 Q4",6
"Sul","CS CARIANOS",270,"2017 Q4",59
"Sul","CS CARIANOS",271,"2017 Q4",92
"Sul","CS CARIANOS",272,"2017 Q4",13
"Sul","CS CAMPECHE",280,"2017 Q4",15
"Sul","CS CAMPECHE",281,"2017 Q4",5
"Sul","CS RIO TAVARES",290,"2017 Q4",14
"Sul","CS RIO TAVARES",291,"2017 Q4",5
"Sul","CS RIO TAVARES",292,"2017 Q4",2
"Sul","CS RIO TAVARES",293,"2017 Q4",0
"Continente","CS SAPE",30,"2017 Q4",23
"Sul","CS COSTEIRA DO PIRAJUBAÉ",300,"2017 Q4",38
"Sul","CS COSTEIRA DO PIRAJUBAÉ",301,"2017 Q4",51
"Sul","CS COSTEIRA DO PIRAJUBAÉ",302,"2017 Q4",30
"Continente","CS SAPE",31,"2017 Q4",13
"Centro","CS SACO DOS LIMÕES",310,"2017 Q4",15
"Centro","CS SACO DOS LIMÕES",311,"2017 Q4",15
"Centro","CS SACO DOS LIMÕES",312,"2017 Q4",27
"Centro","CS SACO DOS LIMÕES",313,"2017 Q4",3
"Centro","CS SACO DOS LIMÕES",314,"2017 Q4",5
"Centro","CS JOÃO PAULO",320,"2017 Q4",40
"Centro","CS JOÃO PAULO",321,"2017 Q4",56
"Norte","CS SACO GRANDE",330,"2017 Q4",45
"Norte","CS SACO GRANDE",331,"2017 Q4",85
"Norte","CS SACO GRANDE",332,"2017 Q4",56
"Norte","CS SACO GRANDE",333,"2017 Q4",117
"Norte","CS SACO GRANDE",334,"2017 Q4",46
"Norte","CS SACO GRANDE",335,"2017 Q4",105
"Norte","CS VARGEM PEQUENA",340,"2017 Q4",127
"Norte","CS RATONES",350,"2017 Q4",37
"Norte","CS RATONES",351,"2017 Q4",11
"Norte","CS SANTO ANTONIO LISBOA",360,"2017 Q4",51
"Norte","CS SANTO ANTONIO LISBOA",361,"2017 Q4",36
"Norte","CS PONTA DAS CANAS",370,"2017 Q4",41
"Norte","CS PONTA DAS CANAS",371,"2017 Q4",32
"Norte","CS CANASVIEIRAS",380,"2017 Q4",28
"Norte","CS CANASVIEIRAS",381,"2017 Q4",36
"Norte","CS CANASVIEIRAS",382,"2017 Q4",38
"Norte","CS CANASVIEIRAS",383,"2017 Q4",29
"Norte","CS CANASVIEIRAS",384,"2017 Q4",31
"Norte","CS JURERE",390,"2017 Q4",96
"Continente","CS MONTE CRISTO",40,"2017 Q4",13
"Norte","CS CACHOEIRA BOM JESUS",400,"2017 Q4",28
"Norte","CS CACHOEIRA BOM JESUS",401,"2017 Q4",29
"Continente","CS MONTE CRISTO",41,"2017 Q4",26
"Norte","CS VARGEM GRANDE",410,"2017 Q4",12
"Continente","CS MONTE CRISTO",42,"2017 Q4",11
"Norte","CS RIO VERMELHO",420,"2017 Q4",58
"Norte","CS RIO VERMELHO",421,"2017 Q4",55
"Norte","CS RIO VERMELHO",422,"2017 Q4",44
"Norte","CS RIO VERMELHO",423,"2017 Q4",46
"Norte","CS RIO VERMELHO",424,"2017 Q4",33
"Continente","CS MONTE CRISTO",43,"2017 Q4",12
"Norte","CS INGLESES",431,"2017 Q4",39
"Norte","CS INGLESES",432,"2017 Q4",34
"Norte","CS INGLESES",433,"2017 Q4",30
"Norte","CS INGLESES",434,"2017 Q4",46
"Norte","CS INGLESES",435,"2017 Q4",54
"Norte","CS INGLESES",436,"2017 Q4",31
"Norte","CS INGLESES",437,"2017 Q4",16
"Norte","CS INGLESES",438,"2017 Q4",7
"Continente","CS MONTE CRISTO",44,"2017 Q4",19
"Norte","CS BARRA DA LAGOA",440,"2017 Q4",36
"Norte","CS BARRA DA LAGOA",441,"2017 Q4",32
"Norte","CS BARRA DA LAGOA",442,"2017 Q4",24
"Continente","CS MONTE CRISTO",45,"2017 Q4",12
"Sul","CS CANTO DA LAGOA",450,"2017 Q4",22
"Continente","CS MONTE CRISTO",46,"2017 Q4",8
"Sul","CS COSTA DA LAGOA",460,"2017 Q4",1
"Sul","CS LAGOA DA CONCEIÇÃO",470,"2017 Q4",17
"Sul","CS LAGOA DA CONCEIÇÃO",471,"2017 Q4",14
"Sul","CS LAGOA DA CONCEIÇÃO",472,"2017 Q4",7
"Continente","CS ABRAÃO",570,"2017 Q4",13
"Continente","CS ABRAÃO",571,"2017 Q4",44
"Continente","CS ABRAÃO",572,"2017 Q4",20
"Continente","CS CAPOEIRAS",60,"2017 Q4",24
"Continente","CS COQUEIROS",600,"2017 Q4",38
"Continente","CS COQUEIROS",601,"2017 Q4",45
"Continente","CS COQUEIROS",602,"2017 Q4",82
"Continente","CS CAPOEIRAS",61,"2017 Q4",31
"Continente","CS CAPOEIRAS",62,"2017 Q4",25
"Centro","CS AGRONÔMICA",690,"2017 Q4",76
"Centro","CS AGRONÔMICA",691,"2017 Q4",62
"Centro","CS AGRONÔMICA",692,"2017 Q4",45
"Centro","CS AGRONÔMICA",693,"2017 Q4",51
"Continente","CS COLONINHA",70,"2017 Q4",71
"Continente","CS COLONINHA",71,"2017 Q4",56
"Continente","CS COLONINHA",72,"2017 Q4",81
"Sul","CS FAZENDA DO RIO TAVARES",780,"2017 Q4",53
"Sul","CS FAZENDA DO RIO TAVARES",781,"2017 Q4",59
"Continente","CS ESTREITO",80,"2017 Q4",69
"Continente","CS ESTREITO",81,"2017 Q4",21
"Continente","CS ESTREITO",82,"2017 Q4",33
"Continente","CS ESTREITO",83,"2017 Q4",14
"Centro","CS TRINDADE",850,"2017 Q4",53
"Centro","CS TRINDADE",851,"2017 Q4",49
"Centro","CS TRINDADE",852,"2017 Q4",18
"Centro","CS TRINDADE",853,"2017 Q4",38
"Centro","CS TRINDADE",854,"2017 Q4",41
"Continente","CS VILA APARECIDA",90,"2017 Q4",25
"Continente","CS VILA APARECIDA",91,"2017 Q4",15
"Centro","CS CENTRO",950,"2017 Q4",28
"Centro","CS CENTRO",951,"2017 Q4",9
"Centro","CS CENTRO",952,"2017 Q4",24
"Norte","CS SANTINHO",980,"2017 Q4",49
"Norte","CS SANTINHO",981,"2017 Q4",60
"Continente","CS JARDIM ATLÂNTICO",10,"2018 Q1",55
"Continente","CS NOVO CONTINENTE",100,"2018 Q1",27
"Continente","CS NOVO CONTINENTE",101,"2018 Q1",20
"Continente","CS NOVO CONTINENTE",102,"2018 Q1",29
"Continente","CS JARDIM ATLÂNTICO",11,"2018 Q1",40
"Centro","CS MONTE SERRAT",120,"2018 Q1",6
"Centro","CS MONTE SERRAT",121,"2018 Q1",6
"Centro","CS MONTE SERRAT",122,"2018 Q1",7
"Centro","CS PRAINHA",130,"2018 Q1",28
"Centro","CS PRAINHA",131,"2018 Q1",13
"Centro","CS PRAINHA",132,"2018 Q1",33
"Centro","CS PANTANAL",160,"2018 Q1",86
"Centro","CS PANTANAL",161,"2018 Q1",73
"Centro","CS CÓRREGO GRANDE",170,"2018 Q1",53
"Centro","CS CÓRREGO GRANDE",171,"2018 Q1",29
"Centro","CS CÓRREGO GRANDE",172,"2018 Q1",14
"Centro","CS ITACORUBI",190,"2018 Q1",12
"Centro","CS ITACORUBI",191,"2018 Q1",9
"Centro","CS ITACORUBI",192,"2018 Q1",4
"Centro","CS ITACORUBI",193,"2018 Q1",3
"Continente","CS BALNEÁRIO",20,"2018 Q1",45
"Sul","CS CAIEIRA BARRA DO SUL",200,"2018 Q1",15
"Continente","CS BALNEÁRIO",21,"2018 Q1",6
"Sul","CS ALTO RIBEIRÃO",210,"2018 Q1",88
"Sul","CS RIBEIRÃO DA ILHA",220,"2018 Q1",56
"Sul","CS PANTANO DO SUL",230,"2018 Q1",18
"Sul","CS ARMAÇÃO",240,"2018 Q1",34
"Sul","CS ARMAÇÃO",241,"2018 Q1",35
"Sul","CS ARMAÇÃO",242,"2018 Q1",7
"Sul","CS MORRO DAS PEDRAS",250,"2018 Q1",36
"Sul","CS MORRO DAS PEDRAS",251,"2018 Q1",62
"Sul","CS TAPERA",260,"2018 Q1",6
"Sul","CS TAPERA",261,"2018 Q1",4
"Sul","CS TAPERA",262,"2018 Q1",3
"Sul","CS TAPERA",263,"2018 Q1",1
"Sul","CS CARIANOS",270,"2018 Q1",40
"Sul","CS CARIANOS",271,"2018 Q1",39
"Sul","CS CARIANOS",272,"2018 Q1",3
"Sul","CS CAMPECHE",280,"2018 Q1",46
"Sul","CS CAMPECHE",281,"2018 Q1",41
"Sul","CS RIO TAVARES",290,"2018 Q1",22
"Sul","CS RIO TAVARES",291,"2018 Q1",26
"Sul","CS RIO TAVARES",292,"2018 Q1",12
"Sul","CS RIO TAVARES",293,"2018 Q1",3
"Continente","CS SAPE",30,"2018 Q1",10
"Sul","CS COSTEIRA DO PIRAJUBAÉ",300,"2018 Q1",35
"Sul","CS COSTEIRA DO PIRAJUBAÉ",301,"2018 Q1",39
"Sul","CS COSTEIRA DO PIRAJUBAÉ",302,"2018 Q1",26
"Continente","CS SAPE",31,"2018 Q1",25
"Centro","CS SACO DOS LIMÕES",310,"2018 Q1",5
"Centro","CS SACO DOS LIMÕES",311,"2018 Q1",3
"Centro","CS SACO DOS LIMÕES",312,"2018 Q1",8
"Centro","CS SACO DOS LIMÕES",313,"2018 Q1",2
"Centro","CS SACO DOS LIMÕES",314,"2018 Q1",1
"Centro","CS JOÃO PAULO",320,"2018 Q1",43
"Centro","CS JOÃO PAULO",321,"2018 Q1",37
"Norte","CS SACO GRANDE",330,"2018 Q1",66
"Norte","CS SACO GRANDE",331,"2018 Q1",62
"Norte","CS SACO GRANDE",332,"2018 Q1",67
"Norte","CS SACO GRANDE",333,"2018 Q1",71
"Norte","CS SACO GRANDE",334,"2018 Q1",38
"Norte","CS SACO GRANDE",335,"2018 Q1",49
"Norte","CS VARGEM PEQUENA",340,"2018 Q1",130
"Norte","CS RATONES",350,"2018 Q1",44
"Norte","CS RATONES",351,"2018 Q1",13
"Norte","CS SANTO ANTONIO LISBOA",360,"2018 Q1",79
"Norte","CS SANTO ANTONIO LISBOA",361,"2018 Q1",26
"Norte","CS PONTA DAS CANAS",370,"2018 Q1",8
"Norte","CS PONTA DAS CANAS",371,"2018 Q1",1
"Norte","CS CANASVIEIRAS",380,"2018 Q1",26
"Norte","CS CANASVIEIRAS",381,"2018 Q1",23
"Norte","CS CANASVIEIRAS",382,"2018 Q1",18
"Norte","CS CANASVIEIRAS",383,"2018 Q1",29
"Norte","CS CANASVIEIRAS",384,"2018 Q1",34
"Norte","CS JURERE",390,"2018 Q1",64
"Continente","CS MONTE CRISTO",40,"2018 Q1",20
"Norte","CS CACHOEIRA BOM JESUS",400,"2018 Q1",55
"Norte","CS CACHOEIRA BOM JESUS",401,"2018 Q1",24
"Continente","CS MONTE CRISTO",41,"2018 Q1",36
"Norte","CS VARGEM GRANDE",410,"2018 Q1",2
"Continente","CS MONTE CRISTO",42,"2018 Q1",21
"Norte","CS RIO VERMELHO",420,"2018 Q1",41
"Norte","CS RIO VERMELHO",421,"2018 Q1",34
"Norte","CS RIO VERMELHO",422,"2018 Q1",25
"Norte","CS RIO VERMELHO",423,"2018 Q1",36
"Norte","CS RIO VERMELHO",424,"2018 Q1",20
"Continente","CS MONTE CRISTO",43,"2018 Q1",19
"Norte","CS INGLESES",431,"2018 Q1",51
"Norte","CS INGLESES",432,"2018 Q1",50
"Norte","CS INGLESES",433,"2018 Q1",27
"Norte","CS INGLESES",434,"2018 Q1",50
"Norte","CS INGLESES",435,"2018 Q1",34
"Norte","CS INGLESES",436,"2018 Q1",23
"Norte","CS INGLESES",437,"2018 Q1",32
"Norte","CS INGLESES",438,"2018 Q1",14
"Continente","CS MONTE CRISTO",44,"2018 Q1",40
"Norte","CS BARRA DA LAGOA",440,"2018 Q1",30
"Norte","CS BARRA DA LAGOA",441,"2018 Q1",44
"Norte","CS BARRA DA LAGOA",442,"2018 Q1",14
"Continente","CS MONTE CRISTO",45,"2018 Q1",28
"Sul","CS CANTO DA LAGOA",450,"2018 Q1",19
"Continente","CS MONTE CRISTO",46,"2018 Q1",6
"Sul","CS COSTA DA LAGOA",460,"2018 Q1",0
"Sul","CS LAGOA DA CONCEIÇÃO",470,"2018 Q1",32
"Sul","CS LAGOA DA CONCEIÇÃO",471,"2018 Q1",16
"Sul","CS LAGOA DA CONCEIÇÃO",472,"2018 Q1",18
"Continente","CS ABRAÃO",570,"2018 Q1",22
"Continente","CS ABRAÃO",571,"2018 Q1",56
"Continente","CS ABRAÃO",572,"2018 Q1",22
"Continente","CS CAPOEIRAS",60,"2018 Q1",52
"Continente","CS COQUEIROS",600,"2018 Q1",19
"Continente","CS COQUEIROS",601,"2018 Q1",60
"Continente","CS COQUEIROS",602,"2018 Q1",36
"Continente","CS CAPOEIRAS",61,"2018 Q1",26
"Continente","CS CAPOEIRAS",62,"2018 Q1",29
"Centro","CS AGRONÔMICA",690,"2018 Q1",69
"Centro","CS AGRONÔMICA",691,"2018 Q1",50
"Centro","CS AGRONÔMICA",692,"2018 Q1",35
"Centro","CS AGRONÔMICA",693,"2018 Q1",35
"Continente","CS COLONINHA",70,"2018 Q1",91
"Continente","CS COLONINHA",71,"2018 Q1",72
"Continente","CS COLONINHA",72,"2018 Q1",67
"Sul","CS FAZENDA DO RIO TAVARES",780,"2018 Q1",34
"Sul","CS FAZENDA DO RIO TAVARES",781,"2018 Q1",56
"Continente","CS ESTREITO",80,"2018 Q1",57
"Continente","CS ESTREITO",81,"2018 Q1",12
"Continente","CS ESTREITO",82,"2018 Q1",23
"Continente","CS ESTREITO",83,"2018 Q1",4
"Centro","CS TRINDADE",850,"2018 Q1",46
"Centro","CS TRINDADE",851,"2018 Q1",35
"Centro","CS TRINDADE",852,"2018 Q1",41
"Centro","CS TRINDADE",853,"2018 Q1",43
"Centro","CS TRINDADE",854,"2018 Q1",25
"Continente","CS VILA APARECIDA",90,"2018 Q1",23
"Continente","CS VILA APARECIDA",91,"2018 Q1",26
"Centro","CS CENTRO",950,"2018 Q1",54
"Centro","CS CENTRO",951,"2018 Q1",23
"Centro","CS CENTRO",952,"2018 Q1",27
"Norte","CS SANTINHO",980,"2018 Q1",41
"Norte","CS SANTINHO",981,"2018 Q1",67
